% Model:                thre_vessel_constant.mph
% Version:              COMSOL 4.1.0.88
% Date:                 Jun 24 2023, 17:30
% Dimension:            1
% Nodes:                1501
% Expressions:          1
% Description:          Line graph
% x                       Height
0                         0.004562679188904226
0.44203928112983704       0.004562834058646811
0.8840785622596741        0.004563258845898642
1.3261178731918335        0.004563953550659718
1.799100637435913         0.004565019675285005
2.2720835208892822        0.004566412524698039
2.7450664043426514        0.004568132098898821
3.2252469062805176        0.004570184894013099
3.705427408218384         0.0045725703403572664
4.18560791015625          0.004575288437931327
4.6657891273498535        0.004578341389918968
5.145970344543457         0.00458173386134007
5.6261515617370605        0.004585465852194635
6.106332778930664         0.0045895273606717715
6.586513996124268         0.004593908481225053
7.066695213317871         0.004598609213854481
7.546876430511475         0.004603665813094929
8.027057647705078         0.0046090597951187395
8.50723934173584          0.004614791159925915
8.987421035766602         0.00462085561417317
9.467602729797363         0.004627254829380614
9.947784423828125         0.004633988805548247
10.427966117858887        0.004641067854208376
10.908147811889648        0.004648475790584105
11.38832950592041         0.004656212614675437
11.868511199951172        0.004664308177720301
12.348692893981934        0.0046727393864102506
12.828874588012695        0.004681506240745287
13.309056282043457        0.004690613013958787
13.789237976074219        0.004700059076645162
14.26941967010498         0.004709844428804412
14.749601364135742        0.004719988550501141
15.229783058166504        0.004730473120839512
15.709964752197266        0.004741298139819526
16.19014549255371         0.004752470627121643
16.670326232910156        0.0047639893658229775
17.1505069732666          0.00477585435592353
17.630687713623047        0.004788073404659868
18.110868453979492        0.0048006396841767385
18.591049194335938        0.0048135531944741424
19.071229934692383        0.004826823082780736
19.551410675048828        0.004840446233218199
20.031591415405273        0.004854422645786532
20.51177215576172         0.00486876088995025
20.991952896118164        0.004883449249491351
21.47213363647461         0.004898487724409837
21.952314376831055        0.0049138975585191385
22.4324951171875          0.0049296635524789315
22.912675857543945        0.004945785706289217
23.39285659790039         0.0049622707530299
23.873037338256836        0.004979118345607845
24.35321807861328         0.00499632848402305
24.833398818969727        0.005013914611093968
25.313579559326172        0.0050318715010312515
25.793760299682617        0.005050199153834903
26.273941040039062        0.005068905893080698
26.754121780395508        0.0050879719480940245
27.234302520751953        0.005107397318874887
27.7144832611084          0.005127212000515024
28.194664001464844        0.005147410643833329
28.67484474182129         0.005167993248829807
29.155025482177734        0.005188954233736833
29.63520622253418         0.005210295084311319
30.115386962890625        0.005232015800553266
30.59556770324707         0.005254122463310515
31.075748443603516        0.005276617851664622
31.55592918395996         0.005299501965615589
32.036109924316406        0.005322794788136126
32.516292572021484        0.005346472493283214
32.99647521972656         0.005370535081056856
33.47665786743164         0.005395014966544421
33.95684051513672         0.005419890609823155
34.4370231628418          0.005445162010893059
34.917205810546875        0.005470831224078469
35.39738845825195         0.005496914525586071
35.87757110595703         0.005523411915415861
36.35775375366211         0.005550323853302815
36.83793640136719         0.00557764466821459
37.318119049072266        0.005605374360151187
37.798301696777344        0.005633524827977857
38.27848434448242         0.005662089222702178
38.7586669921875          0.005691067544324152
39.23884963989258         0.005720482382139648
39.719032287597656        0.00575032099076715
40.199214935302734        0.00578058337020666
40.67939758300781         0.00581128782261166
41.15958023071289         0.005842427378968258
41.63976287841797         0.005874002039276455
42.11994552612305         0.0059060220885840285
42.600128173828125        0.005938493946843707
43.0803108215332          0.005971417614055494
43.56049346923828         0.006004761342459102
44.04067611694336         0.006038555547437572
44.52085876464844         0.006072800228990905
45.001041412353516        0.006107512098521377
45.481224060058594        0.006142682883208761
45.96140670776367         0.006178312583053059
46.44158935546875         0.006214415529171908
46.92177200317383         0.006250991002788774
47.401954650878906        0.006288039003903662
47.882137298583984        0.006325534221563442
48.36231994628906         0.006363519629061746
48.84250259399414         0.006401995226398578
49.32268524169922         0.006440930220815565
49.8028678894043          0.006480351406881888
50.283050537109375        0.00652025878459755
50.76323318481445         0.00656070787086028
51.24341583251953         0.006601646297599409
51.72359848022461         0.006643074064814937
52.20378112792969         0.0066850180002428735
52.683963775634766        0.006727465064448187
53.164146423339844        0.0067704152574308805
53.64432907104492         0.006813879580279072
54.12451171875            0.006857854406093916
54.60469436645508         0.006902339734875415
55.084877014160156        0.006947374220634009
55.565059661865234        0.006992954372914255
56.04524230957031         0.007039080191716155
56.52542495727539         0.00708567445204034
57.00560760498047         0.007132831736386042
57.48579025268555         0.007180552044753262
57.965972900390625        0.007228830089908971
58.4461555480957          0.007277658170738156
58.92633819580078         0.007327036287240818
59.40652084350586         0.007376976381541457
59.88670349121094         0.007427486799964619
60.366886138916016        0.007478567542510304
60.847068786621094        0.007530217427525914
61.32725143432617         0.00758245001338388
61.80743408203125         0.0076352653000842045
62.28761672973633         0.0076886630772982365
62.767799377441406        0.007742657828774854
63.247982025146484        0.007797249554514064
63.72816467285156         0.00785244938702106
64.20834350585938         0.007908253779299079
64.68852233886719         0.007964662731348124
65.168701171875           0.008021691674108503
65.64888000488281         0.008079344888072078
66.12905883789062         0.008137622373238852
66.60923767089844         0.008196538040087378
67.08941650390625         0.008256088868639988
67.56959533691406         0.008316274858896681
68.04977416992188         0.008377111419128662
68.52995300292969         0.008438600252600636
69.0101318359375          0.008500741359312612
69.49031066894531         0.008563561652537926
69.97048950195312         0.0086270503829983
70.45066833496094         0.008691207550693738
70.93084716796875         0.00875602171397119
71.41102600097656         0.00882153280817056
71.89120483398438         0.00888774083329185
72.37138366699219         0.00895463055898065
72.8515625                0.0090222251604664
73.33174133300781         0.009090524637749101
73.81192016601562         0.00915954469059883
74.29209899902344         0.009229289866871992
74.77227783203125         0.009299760166568588
75.25245666503906         0.009370952243801148
75.73263549804688         0.00944288650796386
76.21281433105469         0.009515562959056728
76.6929931640625          0.009588983244934717
77.17317199707031         0.009663167571567502
77.65335083007812         0.009738115938955084
78.13352966308594         0.00981383941174186
78.61370849609375         0.009890342438124183
79.09388732910156         0.009967625018102057
79.57406616210938         0.010045694919211213
80.05424499511719         0.010124557437348997
80.534423828125           0.01020421257251541
81.01460266113281         0.01028469182240034
81.49478149414062         0.010365990993926568
81.97496032714844         0.010448110087094096
82.45513916015625         0.010531067589953303
82.93531799316406         0.010614861867769467
83.41549682617188         0.010699492920542597
83.89567565917969         0.01078498658701299
84.3758544921875          0.010871343064453698
84.85603332519531         0.01095856235286473
85.33621215820312         0.011046667873498138
85.81639099121094         0.011135658205313913
86.29656982421875         0.011225533348312057
86.77674865722656         0.0113163194793312
87.25692749023438         0.01140801323675619
87.73710632324219         0.011500614620587032
88.21728515625            0.011594155779467303
88.69746398925781         0.011688640332826628
89.17764282226562         0.01178406828066501
89.65782165527344         0.011880430836829551
90.13800048828125         0.01197776167207583
90.61817932128906         0.012076060786403853
91.09835815429688         0.01217532424474534
91.57853698730469         0.012275592080566796
92.0587158203125          0.012376864293868226
92.53889465332031         0.012479112794281315
93.01907348632812         0.012582376642431965
93.49925231933594         0.01268665583832018
93.97943115234375         0.012791991116195129
94.45960998535156         0.012898368619235417
94.93978881835938         0.013005788347441052
95.41996765136719         0.013114283070066303
95.900146484375           0.013223853444033021
96.38032531738281         0.01333449946934121
96.86050415039062         0.01344622505440988
97.34068298339844         0.013559059589631349
97.82086181640625         0.013673003075005625
98.30104064941406         0.013788078193257117
98.78121948242188         0.013904281694959672
99.26139831542969         0.014021613580113293
99.7415771484375          0.01414012529834921
100.22175598144531        0.014259804034325183
100.70193481445312        0.014380649788041214
101.18211364746094        0.01450269677738304
101.66229248046875        0.014625943739352274
102.14247131347656        0.01475039067394892
102.62265014648438        0.014876074580824492
103.10282897949219        0.015002993626447327
103.5830078125            0.015131147810817428
104.06318664550781        0.015260573632713367
104.54336547851562        0.015391273076686366
105.02354431152344        0.015523246142736424
105.50372314453125        0.01565652595651043
105.98390197753906        0.01579111425707317
106.46408081054688        0.01592701104442464
106.94425964355469        0.016064242981675924
107.4244384765625         0.016202833287734558
107.90461730957031        0.016342781962600552
108.38479614257812        0.01648410917321712
108.86497497558594        0.016626827308694307
109.34515380859375        0.016770936369032107
109.82533264160156        0.016916474918456634
110.30551147460938        0.017063439374766266
110.78569030761719        0.017211829737961003
111.265869140625          0.017361684757415903
111.74604797363281        0.017513022775743542
112.22622680664062        0.017665843792943926
112.70640563964844        0.01782017290846238
113.18658447265625        0.01797602771544407
113.66676330566406        0.018133408213889007
114.14694213867188        0.018292332408722706
114.62712097167969        0.018452828945621162
115.1072998046875         0.018614897824584378
115.58747863769531        0.018778566321706956
116.06765747070312        0.018943852116686106
116.54783630371094        0.01911075520952183
117.02801513671875        0.01927931188270325
117.50819396972656        0.019449540900549615
117.98837280273438        0.01962144226306093
118.46855163574219        0.019795040277126086
118.94873046875           0.01997035063356803
119.42890930175781        0.020147373332386767
119.90908813476562        0.020326166544248285
120.38926696777344        0.020506733461098988
120.86944580078125        0.020689074082938873
121.34962463378906        0.020873236211155152
121.82980346679688        0.021059226953976586
122.30998229980469        0.021247046311403162
122.7901611328125         0.021436727941944404
123.27033996582031        0.0216283023009981
123.75051879882812        0.021821769388564262
124.23069763183594        0.022017152242829824
124.71087646484375        0.022214491014570726
125.19105529785156        0.022413785703786965
125.67123413085938        0.022615062363434302
126.15141296386719        0.022818352537109274
126.631591796875          0.023023656224811884
127.11177062988281        0.023231021801213503
127.59194946289062        0.023440465579257927
128.07212829589844        0.02365198755894516
128.55230712890625        0.023865635638325552
129.03248596191406        0.02408143141995487
129.51266479492188        0.024299374903833125
129.9928436279297         0.024519497746232265
130.4730224609375         0.02474183543687735
130.9532012939453         0.02496638797576839
131.43338012695312        0.025193213688003018
131.91355895996094        0.02542233146251451
132.39373779296875        0.025653741299302868
132.87391662597656        0.025887490890011085
133.35409545898438        0.026123607861047404
133.8342742919922         0.02636209221241183
134.314453125             0.02660300199288751
134.7946319580078         0.02684636005484962
135.27481079101562        0.02709216639829817
135.75498962402344        0.027340473500622704
136.23516845703125        0.027591313501251546
136.71534729003906        0.0278446864001847
137.19552612304688        0.028100640749278177
137.6757049560547         0.02835921549089833
138.1558837890625         0.02862041062504516
138.6360626220703         0.028884281746110532
139.11624145507812        0.02915086758568283
139.59642028808594        0.029420168143762058
140.07659912109375        0.02969223014971834
140.55677795410156        0.029967098212998557
141.03695678710938        0.030244772333602718
141.5171356201172         0.030525306832307898
141.997314453125          0.030808755107417755
142.4774932861328         0.031095117158932286
142.95767211914062        0.03138443439145642
143.43785095214844        0.031676758745660664
143.91802978515625        0.03197209022154503
144.39820861816406        0.03227050074095553
144.87838745117188        0.03257203081090968
145.3585662841797         0.032876680431407505
145.8387451171875         0.03318450936225035
146.3189239501953         0.033495572308705264
146.79910278320312        0.03380986927077228
147.27928161621094        0.034127470013337984
147.75946044921875        0.03444841811763701
148.23963928222656        0.034772713583669373
148.71981811523438        0.035100431810806666
149.1999969482422         0.03543162444876896
149.68017578125           0.03576629149755627
150.1603546142578         0.036104511616858695
150.64053344726562        0.03644634245789358
151.12071228027344        0.03679178402066094
151.60089111328125        0.03714089614923056
152.08106994628906        0.03749374771002329
152.56124877929688        0.03785033870303916
153.0414276123047         0.038210787433805786
153.5216064453125         0.03857510578737135
154.0017852783203         0.038943293763735856
154.48196411132812        0.03931547430861587
154.96214294433594        0.0396916911073611
155.44232177734375        0.04007194415997156
155.92250061035156        0.04045631857070109
156.40267944335938        0.040844888072138666
156.8828582763672         0.0412376526642843
157.363037109375          0.04163471225946569
157.8432159423828         0.042036133326304244
158.32339477539062        0.04244191586479997
158.80357360839844        0.042852203145639756
159.28375244140625        0.043267019660089244
159.76393127441406        0.043686365408148436
160.24411010742188        0.04411033407155082
160.7242889404297         0.04453903605999613
161.2044677734375         0.044972471373484375
161.6846466064453         0.04541073906860865
162.16482543945312        0.04585393276647214
162.64500427246094        0.04630205246707487
163.12518310546875        0.0467552209077895
163.60536193847656        0.04721351228199198
164.08554077148438        0.0476769265896823
164.5657196044922         0.04814557474762944
165.0458984375            0.04861958318148147
165.5260772705078         0.049098951891238404
166.00625610351562        0.04958379814824115
166.48643493652344        0.05007422514348995
166.96661376953125        0.05057023287698484
167.44679260253906        0.051071952287684165
167.92697143554688        0.05157950087512505
168.4071502685547         0.05209287863930753
168.8873291015625         0.05261220863331423
169.3675079345703         0.05313760851825201
169.84768676757812        0.05366907829412087
170.32786560058594        0.05420684401196624
170.80804443359375        0.05475096946678467
171.28822326660156        0.05530145465857619
171.76840209960938        0.05585843466665802
172.2485809326172         0.05642206256385874
172.728759765625          0.056992338350178376
173.2089385986328         0.05756948660026038
173.68911743164062        0.0581535908040613
174.16929626464844        0.05874465096158116
174.64947509765625        0.059342910886731
175.12965393066406        0.059948453314585266
175.60983276367188        0.060561278245143985
176.0900115966797         0.061181550000866725
176.5701904296875         0.06180950911730149
177.0503692626953         0.06244515559444825
177.53054809570312        0.06308865520900854
178.01072692871094        0.06374019785870516
178.49090576171875        0.06439978354353809
178.97108459472656        0.06506756428703671
179.45126342773438        0.06574381878508927
179.9314422607422         0.0664285470376958
180.41162109375           0.06712191539939459
180.8917999267578         0.06782418081600586
181.37197875976562        0.0685353432875296
181.85215759277344        0.06925565255964428
182.33233642578125        0.06998531362352102
182.81251525878906        0.0707243264791599
183.29269409179688        0.0714728839876371
183.7728729248047         0.07223130067629276
184.2530517578125         0.0729995765451269
184.7332305908203         0.07377798573521238
185.21340942382812        0.07456677520738572
185.69358825683594        0.07536594496164693
186.17376708984375        0.07617587845459906
186.65394592285156        0.07699675201229403
187.13412475585938        0.07782856563473187
187.6143035888672         0.07867179293244841
188.094482421875          0.07952668282895795
188.5746612548828         0.08039323532426049
189.05484008789062        0.08127148232608997
189.53501892089844        0.08216207781593507
190.01519775390625        0.08306502179379581
190.49537658691406        0.08398070582492509
190.97555541992188        0.08490941206757577
191.4557342529297         0.08585114052174787
191.9359130859375         0.08680636299770843
192.4160919189453         0.08777545172912032
192.89627075195312        0.08875840671598355
193.37644958496094        0.08975563352200774
193.85662841796875        0.09076762669812603
194.33680725097656        0.09179438624433846
194.81698608398438        0.09283623341739279
195.2971649169922         0.09389383872425384
195.77734375              0.09496720216492162
196.2575225830078         0.09605681013091781
196.73770141601562        0.0971631617050637
197.21788024902344        0.09828625688735933
197.69805908203125        0.09942679506977552
198.17823791503906        0.10058523639995631
198.65841674804688        0.10176158087790171
199.1385955810547         0.10295657323142474
199.6187744140625         0.10417076760809968
200.0989532470703         0.10540416400792658
200.57913208007812        0.10665749183629636
201.05931091308594        0.107931521373627
201.53948974609375        0.1092262526199186
202.01966857910156        0.11054238718872021
202.49984741210938        0.11188075641843145
202.9800262451172         0.11324136030905237
203.460205078125          0.11462504227390494
203.9403839111328         0.11603271136732235
204.42056274414062        0.11746436758930459
204.90074157714844        0.1189211237090784
205.38092041015625        0.12040384303488497
205.86109924316406        0.12191252556672433
206.34127807617188        0.12344843350828748
206.8214569091797         0.1250124561775664
207.3016357421875         0.12660459357456114
207.7818145751953         0.12822614947125954
208.26199340820312        0.12987836026138738
208.74217224121094        0.1315612259449446
209.22235107421875        0.13327667749305191
209.70252990722656        0.13502559681718124
210.18270874023438        0.13680798391733262
210.6628875732422         0.13862541638378198
211.14306640625           0.1404796947625616
211.6232452392578         0.14237081905367147
212.10342407226562        0.14430059879164883
212.58360290527344        0.14627089248784747
213.06378173828125        0.14828170014226746
213.54396057128906        0.15033538373701286
214.02413940429688        0.15243402603466685
214.5043182373047         0.1545776270352296
214.9844970703125         0.15676806824287498
215.4646759033203         0.15900826001790097
215.94485473632812        0.16129820236030756
216.42503356933594        0.16364179719628488
216.90521240234375        0.1660410938886633
217.38539123535156        0.16849609243744293
217.86557006835938        0.17100996385975295
218.3457489013672         0.17358674879833894
218.825927734375          0.17622644725320083
219.3061065673828         0.1789327250545377
219.78628540039062        0.18171005756981223
220.26646423339844        0.18455844479902447
220.74664306640625        0.1874835190702643
221.22682189941406        0.1904899705322877
221.70700073242188        0.1935777991850947
222.1871795654297         0.19675096795325828
222.6673583984375         0.2000180428118486
223.1475372314453         0.20337902376086575
223.62771606445312        0.20684106042399936
224.10789489746094        0.21041145122236893
224.58807373046875        0.2140901961559745
225.06825256347656        0.21788759486449233
225.54843139648438        0.2218135572663794
226.0286102294922         0.22586808336163577
226.5087890625            0.23006246424917465
226.9889678955078         0.23440975989765617
227.46914672851562        0.23890997030708028
227.94932556152344        0.2435789348125733
228.42950439453125        0.24843503114262488
228.90968322753906        0.253478259297235
229.38986206054688        0.2587272871491604
229.8700408935547         0.26420839424043363
230.3502197265625         0.2699215805710547
230.8303985595703         0.27589366976595997
231.31057739257812        0.28216054068533253
231.79075622558594        0.2887221933291724
232.27093505859375        0.29562408135607565
232.75111389160156        0.3029129979530155
233.23129272460938        0.310588943119992
233.7114715576172         0.31872383762384066
234.191650390625          0.32740122234081015
234.6718292236328         0.33662109727090067
235.15200805664062        0.3464971101574392
235.63218688964844        0.35718696856222554
236.11236572265625        0.36869067248525955
236.59254455566406        0.3811721138675565
237.07272338867188        0.39505283940877334
237.5529022216797         0.4103328491089101
238.0330810546875         0.4274136272683456
238.5132598876953         0.44758347809970556
238.99343872070312        0.4708424016029901
239.47361755371094        0.5008701067963706
239.95379638671875        0.5447750704939914
240.43397521972656        0.6025572926958529
240.91415405273438        0.6295776120135578
241.3943328857422         0.650112112530578
241.87451171875           0.6641607942469137
242.3546905517578         0.6759180859242789
242.83486938476562        0.6858202948213926
243.31504821777344        0.693867420938255
243.79522705078125        0.701001446962223
244.27540588378906        0.7072666186063626
244.75558471679688        0.7126629358706742
245.2357635498047         0.7175129674310294
245.7159423828125         0.7218760454949822
246.1961212158203         0.7257521700625325
246.67630004882812        0.7293470862133677
247.15647888183594        0.7326356646930813
247.63665771484375        0.7356179055016735
248.11683654785156        0.7383808003040446
248.59701538085938        0.740956604149196
249.0771942138672         0.7433453170371277
249.557373046875          0.7455530684795366
250.0375518798828         0.7476152538336145
250.51773071289062        0.7495318730993615
250.99790954589844        0.7513680029804947
251.47808837890625        0.7531038399357528
251.95826721191406        0.7547393839651358
252.43844604492188        0.7562660551314802
252.9186248779297         0.7577039720598437
253.3988037109375         0.759053134750227
253.8789825439453         0.7603798292432773
254.35916137695312        0.7616052518702656
254.83934020996094        0.7627294026311924
255.31951904296875        0.7638998275266534
255.79969787597656        0.7650293850882193
256.2798767089844         0.7661180753158902
256.76007080078125        0.7670378591466285
257.2402648925781         0.7679807084396455
257.720458984375          0.7689466231949414
258.2006530761719         0.7697884819077642
258.68084716796875        0.7706030152004855
259.1610412597656         0.7713902230731058
259.6412353515625         0.7721897234194756
260.1214294433594         0.7729517836704904
260.60162353515625        0.7736764038261508
261.0818176269531         0.7743840596963987
261.56201171875           0.775049653105486
262.0422058105469         0.775673184053413
262.52239990234375        0.7763300732490129
263.0025939941406         0.7769547316206146
263.4827880859375         0.7775471591682183
263.9629821777344         0.778093404488986
264.44317626953125        0.7786278989256863
264.9233703613281         0.7791506424783192
265.403564453125          0.7796896498429773
265.8837585449219         0.7801926185919486
266.36395263671875        0.7806595487252332
266.8441467285156         0.7811812862181533
267.3243408203125         0.7816788701857192
267.8045349121094         0.7821523006279316
268.28472900390625        0.7825314185822088
268.7649230957031         0.7829338875972913
269.2451171875            0.7833597076731795
269.7253112792969         0.7837914102097276
270.20550537109375        0.78419094530804
270.6856994628906         0.7845583129681172
271.1658935546875         0.7849383100919637
271.6460876464844         0.7853345129925828
272.12628173828125        0.785746921669975
272.6064758300781         0.786057608107329
273.086669921875          0.7863774156893312
273.5668640136719         0.7867063444159811
274.04705810546875        0.7870101255373071
274.5272521972656         0.7873062675886945
275.0074462890625         0.7875947705701435
275.4876403808594         0.7879560792197304
275.96783447265625        0.7882884402397677
276.4480285644531         0.7885918536302552
276.92822265625           0.7888640875444275
277.4084167480469         0.7891102262981065
277.88861083984375        0.7893302698912925
278.3688049316406         0.7896043514495535
278.8489990234375         0.7898686331758697
279.3291931152344         0.7901231150702412
279.80938720703125        0.7903985648203392
280.2895812988281         0.7906563576326172
280.769775390625          0.7908964935070751
281.2499694824219         0.791088370065103
281.73016357421875        0.791291766856969
282.2103576660156         0.7915066838826732
282.6905517578125         0.7917715491898941
283.1707458496094         0.7920085881886566
283.65093994140625        0.7922178008789611
284.1311340332031         0.7924072300667535
284.611328125             0.792599645602601
285.0915222167969         0.7927950474865041
285.57171630859375        0.7930052383673343
286.0519104003906         0.7932117278682607
286.5321044921875         0.7934145159892836
287.0122985839844         0.7935975651379101
287.49249267578125        0.7937691246187406
287.9726867675781         0.7939291944317756
288.452880859375          0.7941055976361648
288.9330749511719         0.7942813374442999
289.41326904296875        0.7944564138561805
289.8934631347656         0.7946456182115259
290.3736572265625         0.7948382406196303
290.8538513183594         0.7950342810804938
291.33404541015625        0.7951551091641293
291.8142395019531         0.7952702638076469
292.29443359375           0.7953797450110465
292.7746276855469         0.7955391890672472
293.25482177734375        0.7956941808409896
293.7350158691406         0.795844720332274
294.2152099609375         0.7959980055477189
294.6954040527344         0.7961340591459396
295.17559814453125        0.796252881126936
295.6557922363281         0.7963946411965201
296.135986328125          0.7965324420362543
296.6161804199219         0.7966662836461389
297.09637451171875        0.7967965619944729
297.5765686035156         0.7969177989958631
298.0567626953125         0.7970299946503098
298.5369567871094         0.7971697219153572
299.01715087890625        0.7973270376920178
299.4973449707031         0.7975019419802922
299.9775390625            0.797579678716161
300.4577331542969         0.7976706870645243
300.93792724609375        0.7977749670253823
301.4181213378906         0.7978571963973975
301.8983154296875         0.7979543253237203
302.3785095214844         0.798066353804351
302.85870361328125        0.7981838360793246
303.3388977050781         0.7982884667901871
303.819091796875          0.7983802459369387
304.2992858886719         0.7984701520122252
304.77947998046875        0.7985648632745111
305.2596740722656         0.7986643797237968
305.7398681640625         0.7987788042648576
306.2200622558594         0.798866762212853
306.70025634765625        0.798928253567783
307.1804504394531         0.799013104776601
307.66064453125           0.7991024654827827
308.1408386230469         0.7991963356863283
308.62103271484375        0.7992998057085036
309.1012268066406         0.7993766125673418
309.5814208984375         0.7994267562628433
310.0616149902344         0.7995258553247013
310.54180908203125        0.799624309641642
311.0220031738281         0.7997221192136653
311.502197265625          0.7997786471900289
311.9823913574219         0.7998479580517737
312.46258544921875        0.7999300517989
312.9427795410156         0.8000325876197211
313.4229736328125         0.8001184829286182
313.9031677246094         0.8001877377255913
314.38336181640625        0.8002381164600721
314.8635559082031         0.8003087909774683
315.34375                 0.8003997612777799
315.8239440917969         0.80046218580401
316.30413818359375        0.8005403477197943
316.7843322753906         0.8006342470251331
317.2645263671875         0.8006419525230875
317.7447204589844         0.8006700916567198
318.22491455078125        0.8007186644260299
318.7051086425781         0.8008022105508942
319.185302734375          0.8008822276614553
319.6654968261719         0.8009587157577137
320.14569091796875        0.8010237658299506
320.6258850097656         0.8010626676572206
321.1060791015625         0.8010754212395237
321.5862731933594         0.8011297369374835
322.06646728515625        0.8011681091304477
322.5466613769531         0.8011905378184163
323.02685546875           0.8012683967946806
323.5070495605469         0.8013385302142799
323.98724365234375        0.8014009380772146
324.4674377441406         0.8014581124053535
324.9476318359375         0.8014898811110545
325.4278259277344         0.801496244194318
325.90802001953125        0.8015866353157504
326.3882141113281         0.8016592305151423
326.868408203125          0.8017140297924943
327.3486022949219         0.8017187025250204
327.82879638671875        0.8017508642928382
328.3089904785156         0.8018105150959479
328.7891845703125         0.8018403497846871
329.2693786621094         0.8018579822573075
329.74957275390625        0.8018634125138093
330.2297668457031         0.8019239373322256
330.7099609375            0.8019885792266163
331.1901550292969         0.8020573381969818
331.67034912109375        0.8020887707943578
332.1505432128906         0.8021199343733612
332.6307373046875         0.8021508289339921
333.1109313964844         0.8022016381673701
333.59112548828125        0.8022314949272387
334.0713195800781         0.802240399213598
334.551513671875          0.802287374234473
335.0317077636719         0.8023345484489097
335.51190185546875        0.802381921856908
335.9920959472656         0.8023785647612632
336.4722900390625         0.8023800204489673
336.9524841308594         0.8023862889200201
337.43267822265625        0.8024618611291507
337.9128723144531         0.8025070199998019
338.39306640625           0.8025217655319737
338.8732604980469         0.802545386088839
339.35345458984375        0.802567611957857
339.8336486816406         0.8025884431390283
340.3138427734375         0.8026221737784203
340.7940368652344         0.8026485445165812
341.27423095703125        0.8026675553535113
341.7544250488281         0.802684527576743
342.234619140625          0.8026905481712636
342.7148132324219         0.8026856171370735
343.19500732421875        0.8027334321515771
343.6752014160156         0.8027902923869226
344.1553955078125         0.80285619784311
344.6355895996094         0.8028444446439569
345.11578369140625        0.8028258476886683
345.5959777832031         0.8028004069772448
346.076171875             0.8028427035533041
346.5563659667969         0.8028661523908666
347.03656005859375        0.8028707534899328
347.5167541503906         0.8028886066675184
347.9969482421875         0.8029030659089973
348.4771423339844         0.80291413121437
348.95733642578125        0.802964896315797
349.4375305175781         0.8029982179446844
349.917724609375          0.8030140961010324
350.3979187011719         0.8029992744309683
350.87811279296875        0.80300087705944
351.3583068847656         0.8030189039864479
351.8385009765625         0.8030069153320696
352.3186950683594         0.803003335921043
352.79888916015625        0.8030081657533686
353.2790832519531         0.8030226579203256
353.75927734375           0.8030209860694937
354.2394714355469         0.8030031502008735
354.71966552734375        0.8030291160998915
355.1998596191406         0.8030617167613936
355.6800537109375         0.8031009521853802
356.1602478027344         0.8030864255164467
356.64044189453125        0.8030671920254087
357.1206359863281         0.8030432517122662
357.600830078125          0.8030590838074932
358.0810241699219         0.8030591068568109
358.56121826171875        0.8030433208602195
359.0414123535156         0.8030916204440525
359.5216064453125         0.8031169009686012
360.0018005371094         0.8031191624338657
360.48199462890625        0.8031159834941246
360.9621887207031         0.8031033237056
361.4423828125            0.8030811830682922
361.9225769042969         0.8030733137352454
362.40277099609375        0.8030700258448222
362.8829650878906         0.8030713193970233
363.3631591796875         0.8030689234927219
363.8433532714844         0.8030529964845317
364.32354736328125        0.8030235383724532
364.8037414550781         0.803047673805831
365.283935546875          0.8030553104637279
365.7641296386719         0.8030464483461441
366.24432373046875        0.8030812244685361
366.7245178222656         0.8031048059314425
367.2047119140625         0.8031171927348635
367.6849060058594         0.8030608809325749
368.16510009765625        0.8030182165316075
368.6452941894531         0.8029891995319615
369.12548828125           0.8029716307206729
369.6056823730469         0.8029560256632974
370.08587646484375        0.8029423843598353
370.5660705566406         0.8029575339118427
371.0462646484375         0.8029628490935223
371.5264587402344         0.8029583299048748
372.00665283203125        0.8029357477903577
372.4868469238281         0.8029124317309445
372.967041015625          0.8028883817266357
373.4472351074219         0.8028760486299921
373.92742919921875        0.8028578982642243
374.4076232910156         0.8028339306293326
374.8878173828125         0.8028251902992818
375.3680114746094         0.8028103897604701
375.84820556640625        0.8027895290128981
376.3283996582031         0.802793774317165
376.80859375              0.8027829150744966
377.2887878417969         0.802756951284893
377.76898193359375        0.8027232054318321
378.2491760253906         0.8027031795752123
378.7293701171875         0.8026968737150338
379.2095642089844         0.802654947912205
379.68975830078125        0.802609260778636
380.1699523925781         0.8025598123143272
380.650146484375          0.8025420142634582
381.1303405761719         0.802519382668033
381.61053466796875        0.8024919175280519
382.0907287597656         0.8024725772562489
382.5709228515625         0.8024490636505283
383.0511169433594         0.80242137671089
383.53131103515625        0.8024195548355867
384.0115051269531         0.8024102938818178
384.49169921875           0.8023935938495835
384.9718933105469         0.8023495150249937
385.45208740234375        0.8023050745434088
385.9322814941406         0.8022602724048288
386.4124755859375         0.8022256767022596
386.8926696777344         0.8021802107855898
387.37286376953125        0.802123874654819
387.8530578613281         0.8020889129505875
388.333251953125          0.8020661712327138
388.8134460449219         0.8020556495011981
389.29364013671875        0.8020032700997486
389.7738342285156         0.8019514047607997
390.2540283203125         0.8019000534843517
390.7342224121094         0.8018835749227111
391.21441650390625        0.8018619869878388
391.6946105957031         0.8018352896797353
392.1748046875            0.8017810148202794
392.6549987792969         0.8017372227159096
393.13519287109375        0.8017039133666264
393.6153869628906         0.8016227211319081
394.0955810546875         0.8015521249604927
394.5757751464844         0.8014921248523802
395.05596923828125        0.8014882603105465
395.5361633300781         0.8014597968062338
396.016357421875          0.8014067343394424
396.4965515136719         0.8013369181289448
396.97674560546875        0.8012724430896927
397.4569396972656         0.8012133092216863
397.9371337890625         0.8012106364660139
398.4173278808594         0.8011675777483541
398.89752197265625        0.8010841330687074
399.3777160644531         0.8010300338575453
399.85791015625           0.8009733296956877
400.3381042480469         0.8009140205831349
400.81829833984375        0.8008416655030957
401.2984924316406         0.8008172952215236
401.7786865234375         0.800840909738419
402.2588806152344         0.8007286826958346
402.73907470703125        0.8006257777484174
403.2192687988281         0.8005321948961674
403.699462890625          0.8004860510440415
404.1796569824219         0.8004311181556882
404.65985107421875        0.8003673962311078
405.1400451660156         0.8003126199135142
405.6202392578125         0.8002514966490345
406.1004333496094         0.8001840264376688
406.58062744140625        0.8000932218506278
407.0608215332031         0.8000045309571626
407.541015625             0.7999179537572736
408.0212097167969         0.7998642137853745
408.50140380859375        0.7998019328173235
408.9815979003906         0.7997311108531205
409.4617919921875         0.7996607208424711
409.9419860839844         0.7995751907253412
410.42218017578125        0.7994745205017311
410.9023742675781         0.7993966478711864
411.382568359375          0.7993137655632313
411.8627624511719         0.7992258735778663
412.34295654296875        0.7991253294320037
412.8231506347656         0.7990111500724131
413.3033447265625         0.7988833354990951
413.7835388183594         0.7987996583396052
414.26373291015625        0.7987112983707776
414.7439270019531         0.7986182555926121
415.22412109375           0.7985573906193989
415.7043151855469         0.7984703894953299
416.18450927734375        0.7983572522204053
416.6647033691406         0.7982685749353701
417.1448974609375         0.7981759294713322
417.6250915527344         0.7980793158282922
418.10528564453125        0.7979806772020369
418.5854797363281         0.7978604797825407
419.065673828125          0.7977187235698038
419.5458679199219         0.7976553332912647
420.02606201171875        0.7975592985748986
420.5062561035156         0.7974306194207059
420.9864501953125         0.7973089583462492
421.4666442871094         0.7971810111059549
421.94683837890625        0.7970467776998235
422.4270324707031         0.7969131529365514
422.9072265625            0.7967849697564355
423.3874206542969         0.7966622281594758
423.86761474609375        0.7965405311643363
424.3478088378906         0.7964264115690867
424.8280029296875         0.7963198693737267
425.3081970214844         0.796176291453535
425.78839111328125        0.7960385094530442
426.2685852050781         0.7959065233722549
426.748779296875          0.7957561407138861
427.2289733886719         0.7955928583499147
427.70916748046875        0.7954166762803409
428.1893615722656         0.7952626734017743
428.6695556640625         0.795107313692604
429.1497497558594         0.7949505971528303
429.62994384765625        0.7947882226041172
430.1101379394531         0.7946452950201152
430.59033203125           0.7945218144008244
431.0705261230469         0.7943370960764017
431.55072021484375        0.7941551376277702
432.0309143066406         0.7939759390549305
432.5111083984375         0.7937944999312445
432.9913024902344         0.7936103869651319
433.47149658203125        0.7934236001565923
433.9516906738281         0.7932612100664739
434.431884765625          0.7930685857743222
434.9120788574219         0.7928457272801375
435.39227294921875        0.792633947619906
435.8724670410156         0.7924345261674988
436.3526611328125         0.7922474629229163
436.8328552246094         0.7920411053849414
437.31304931640625        0.7918053737464865
437.7932434082031         0.7915402680075522
438.2734375               0.7913451263020634
438.7536315917969         0.791121903633891
439.23382568359375        0.790870600003035
439.7140197753906         0.7906379894928937
440.1942138671875         0.7903939396298685
440.6744079589844         0.79013845041396
441.15460205078125        0.7898798201750502
441.6347961425781         0.7896434880067276
442.114990234375          0.7894294539089923
442.5951843261719         0.7891343067687059
443.07537841796875        0.788836231451813
443.5555725097656         0.7885352279583138
444.0357666015625         0.7882392134072989
444.5159606933594         0.7879360881287867
444.99615478515625        0.7876258521227775
445.4763488769531         0.7873247055871195
445.95654296875           0.7870179656227309
446.4367370605469         0.7867056322296113
446.91693115234375        0.7863680329867009
447.3971252441406         0.7860294943514112
447.8773193359375         0.7856900163237427
448.3575134277344         0.7853456495398028
448.83770751953125        0.7849711680156605
449.3179016113281         0.7845665717513159
449.798095703125          0.784193039833382
450.2782897949219         0.7838225064150487
450.75848388671875        0.7834549714963165
451.2386779785156         0.7829915218782457
451.7188720703125         0.7825297679191483
452.1990661621094         0.7820697096190244
452.67926025390625        0.7816256749964307
453.1594543457031         0.7811475188953643
453.6396484375            0.7806352413158256
454.1198425292969         0.7801671784962911
454.60003662109375        0.7796677090536334
455.0802307128906         0.7791368329878527
455.5604248046875         0.7786323270529331
456.0406188964844         0.7780869528187504
456.52081298828125        0.7775007102853051
457.0010070800781         0.7769069676250069
457.481201171875          0.776299084131149
457.9613952636719         0.7756770598037317
458.44158935546875        0.7750236698872769
458.9217834472656         0.7743424509200356
459.4019775390625         0.7736334029020082
459.8821716308594         0.7729231197821196
460.36236572265625        0.7721714981652112
460.8425598144531         0.7713785380512834
461.32275390625           0.7705893591863355
461.8029479980469         0.769743642167429
462.28314208984375        0.7688413869945638
462.7633361816406         0.7679462455867864
463.2435302734375         0.7670252177560661
463.7237243652344         0.7660783035024035
464.20391845703125        0.7650265475198251
464.6841125488281         0.763932548772968
465.164306640625          0.762796307261832
465.6445007324219         0.7616023594328947
466.12469482421875        0.7603324208511947
466.6048889160156         0.758986491516732
467.0850830078125         0.75767549760296
467.5652770996094         0.7562507582457365
468.04547119140625        0.7547122734450619
468.5256652832031         0.7530815442562305
469.005859375             0.7513627511640913
469.4860534667969         0.7495558941686448
469.96624755859375        0.7476092872252862
470.4464416503906         0.745552403573514
470.9266357421875         0.7433852432133281
471.4068298339844         0.7409903092657935
471.88702392578125        0.7383920225460544
472.3672180175781         0.7355903830541108
472.847412109375          0.7326325285358987
473.3276062011719         0.7293674821678079
473.80780029296875        0.7257952439498386
474.2879943847656         0.721888938040932
474.7681884765625         0.7174970767177853
475.2483825683594         0.7126196599803986
475.72857666015625        0.7072468376868648
476.2087707519531         0.7009962093866522
476.68896484375           0.6938677750797609
477.1691589355469         0.6857654860063622
477.64935302734375        0.6759721280641582
478.1295471191406         0.6644877012531492
478.6097412109375         0.6496438733091952
479.0899353027344         0.628645755144685
479.57012939453125        0.6014933467596185
480.0503234863281         0.5462772997015903
480.530517578125          0.502452905904105
481.0107116699219         0.47002016536716235
481.49090576171875        0.447252436513234
481.9710998535156         0.42733602540989174
482.4512939453125         0.41027093205713583
482.9314880371094         0.3950058631233113
483.41168212890625        0.38114657339419433
483.8918762207031         0.368693062869785
484.3720703125            0.35718386845452776
484.8522644042969         0.346492443735152
485.33245849609375        0.3366187887116576
485.8126525878906         0.32741076817151843
486.2928466796875         0.3187366984011589
486.7730407714844         0.3105965794005792
487.25323486328125        0.30291483713358
487.7334289550781         0.29562646795460323
488.213623046875          0.28873147186364906
488.6938171386719         0.2821637397235795
489.17401123046875        0.27589359918836653
489.6542053222656         0.2699210502580103
490.1343994140625         0.26421056178224117
490.6145935058594         0.2587304426744842
491.09478759765625        0.2534806929347393
491.5749816894531         0.24843945300714676
492.05517578125           0.24358343229508508
492.5353698730469         0.23891263079855432
493.01556396484375        0.23441198369484292
493.4957580566406         0.23006419514319953
493.9759521484375         0.2258692651436243
494.4561462402344         0.22181493092087645
494.93634033203125        0.2178890075822479
495.4165344238281         0.21409149512773876
495.896728515625          0.21041208034668213
496.3769226074219         0.2068413186357532
496.85711669921875        0.203379209994952
497.3373107910156         0.20001812630710497
497.8175048828125         0.19675032768145834
498.2976989746094         0.19357581411801217
498.77789306640625        0.1904894077267304
499.2580871582031         0.18748405197092294
499.73828125              0.18455974685058976
500.2184753417969         0.18171082132358768
500.69866943359375        0.17893293543121466
501.1788635253906         0.17622608917347074
501.6590576171875         0.17358705079264816
502.1392517089844         0.17100996762696252
502.61944580078125        0.16849483967641385
503.0996398925781         0.16604108220212455
503.579833984375          0.16364280553779398
504.0600280761719         0.16130000968342217
504.54022216796875        0.1590091744612716
505.0204162597656         0.15676829906763232
505.5006103515625         0.15457738350250436
505.9808044433594         0.15243414665213428
506.46099853515625        0.1503358421753213
506.9411926269531         0.1482824700720655
507.42138671875           0.14627127341266613
507.9015808105469         0.14430059048359326
508.38177490234375        0.14237042128484684
508.8619689941406         0.1404795391495598
509.3421630859375         0.1386253419943663
509.8223571777344         0.1368078298192664
510.30255126953125        0.13502557417201877
510.7827453613281         0.133276821363022
511.262939453125          0.13156157139227603
511.7431335449219         0.12987856063822514
512.2233276367188         0.12822621322188044
512.7034912109375         0.12660452914324202
513.1836547851562         0.12501246301398528
513.663818359375          0.12344855366083925
514.1439819335938         0.12191280108380403
514.6241455078125         0.12040411581351665
515.1043090820312         0.11892148388662245
515.58447265625           0.1174649053031215
516.0646362304688         0.11603316155939859
516.5447998046875         0.11462527952793054
517.0249633789062         0.11324125920871742
517.505126953125          0.11188089486865985
517.9852905273438         0.11054259443778294
518.4654541015625         0.10922635791608676
518.9456176757812         0.10793174700586042
519.42578125              0.10665774100609636
519.9059448242188         0.10540433991679465
520.3861083984375         0.10417089977638683
520.8662719726562         0.1029567342213854
521.346435546875          0.10176184325179038
521.8265991210938         0.10058541736017204
522.3067626953125         0.09942692375026821
522.7869262695312         0.09828636242207889
523.26708984375           0.09716326223289702
523.7472534179688         0.0960569239197146
524.2274169921875         0.09496734748253166
524.7075805664062         0.09389397897408543
525.187744140625          0.09283632580492712
525.6679077148438         0.09179438797505678
526.1480712890625         0.09076770998552379
526.6282348632812         0.08975573690980318
527.1083984375            0.08875846874789496
527.5885620117188         0.08777555399088385
528.0687255859375         0.08680647806006128
528.5488891601562         0.08585124095542726
529.029052734375          0.08490953008127852
529.5092163085938         0.08398086547443855
529.9893798828125         0.08306524713490736
530.4695434570312         0.08216223391006425
530.94970703125           0.08127149849081339
531.4298706054688         0.08039304087715478
531.9100341796875         0.07952673023399649
532.3901977539062         0.07867198492368588
532.870361328125          0.07782880494622292
533.3505249023438         0.0769969495445068
533.8306884765625         0.07617606991170883
534.3108520507812         0.07536616604782907
534.791015625             0.0745669533861445
535.2711791992188         0.07377813806646727
535.7513427734375         0.0729997200887974
536.2315063476562         0.07223142912325055
536.711669921875          0.07147301037904524
537.1918334960938         0.07072446385618147
537.6719970703125         0.0699854620609565
538.1521606445312         0.06925580337025558
538.63232421875           0.06853548778407875
539.1124877929688         0.06782440092893074
539.5926513671875         0.06712216814460642
540.0728149414062         0.06642878943110578
540.552978515625          0.06574407043108674
541.0331420898438         0.06506777509293848
541.5133056640625         0.06439990341666105
541.9934692382812         0.06374040324277727
542.4736328125            0.06308891165005145
542.9537963867188         0.06244542863848363
543.4339599609375         0.061809812739010477
543.9141235351562         0.06118184818283818
544.394287109375          0.060561534969966746
544.8744506835938         0.05994868964881667
545.3546142578125         0.0593431508547093
545.8347778320312         0.058744918587644614
546.31494140625           0.058153841175187855
546.7951049804688         0.057569741076645864
547.2752685546875         0.05699261829201865
547.7554321289062         0.0564222941192183
548.235595703125          0.05585864810282989
548.7157592773438         0.05530168024285342
549.1959228515625         0.05475121234136457
549.6760864257812         0.05420710783203986
550.15625                 0.05366936671487932
550.6364135742188         0.053137858487979306
551.1165771484375         0.05261244232821889
551.5967407226562         0.052093118235598104
552.076904296875          0.051579752428808474
552.5570678710938         0.051072214075466554
553.0372314453125         0.050570503175572365
553.5173950195312         0.050074470388870376
553.99755859375           0.0495840252909438
554.4777221679688         0.049099167881792666
554.9578857421875         0.04861982297202138
555.4380493164062         0.04814581685567342
555.918212890625          0.047677149532748805
556.3983764648438         0.047213729657169
556.8785400390625         0.046755443139536494
557.3587036132812         0.04630228997985128
557.8388671875            0.04585416798871131
558.3190307617188         0.045410964305416995
558.7991943359375         0.044972678929968354
559.2793579101562         0.04453926076535552
559.759521484375          0.04411055825384698
560.2396850585938         0.043686571395442755
560.7198486328125         0.04326722504087066
561.2000122070312         0.04285241934026478
561.68017578125           0.042442154293625106
562.1603393554688         0.0420363770847026
562.6405029296875         0.041634953488945046
563.1206665039062         0.04123788350635246
563.600830078125          0.040845103404304084
564.0809936523438         0.040456520807094776
564.5611572265625         0.040072135714724566
565.0413208007812         0.039691877798047455
565.521484375             0.03931565655334747
566.0016479492188         0.03894347198062463
566.4818115234375         0.03857526368708577
566.9619750976562         0.0382109549399301
567.442138671875          0.03785054573915762
567.9223022460938         0.03749393294965446
568.4024658203125         0.03714106607809386
568.8826293945312         0.036791945124475846
569.36279296875           0.03644651669326478
569.8429565429688         0.03610468572073799
570.3231201171875         0.0357664522068955
570.8032836914062         0.03543177654037527
571.283447265625          0.03510057986388808
571.7636108398438         0.03477286217743392
572.2437744140625         0.03444856767621517
572.7239379882812         0.03412762119207316
573.2041015625            0.03381002272500791
573.6842651367188         0.03349572082598741
574.1644287109375         0.03318464978278062
574.6445922851562         0.03287680959538755
575.124755859375          0.032572161726542474
575.6049194335938         0.03227063527863536
576.0850830078125         0.03197223025166621
576.5652465820312         0.03167688396163706
577.04541015625           0.0313845454726462
577.5255737304688         0.031095214784693664
578.0057373046875         0.03080885270663714
578.4859008789062         0.03052540004044219
578.966064453125          0.030244856786108828
579.4462280273438         0.02996718644485888
579.9263916015625         0.029692319669862743
580.4065551757812         0.029420256461120422
580.88671875              0.029150962903060684
581.3668823242188         0.028884380273682515
581.8470458984375         0.028620508572985915
582.3272094726562         0.028359306818444
582.807373046875          0.02810072425459082
583.2875366210938         0.027844760881426376
583.7677001953125         0.027591392833659
584.2478637695312         0.02734055817848177
584.72802734375           0.02709225691589469
585.2081909179688         0.026846450919045448
585.6883544921875         0.026603093745675113
586.1685180664062         0.02636218539578369
586.648681640625          0.026123694060675523
587.1288452148438         0.025887572863295617
587.6090087890625         0.025653821803643985
588.0891723632812         0.025422405703641564
588.5693359375            0.025193283139953282
589.0494995117188         0.024966454112579136
589.5296630859375         0.024741888419601205
590.0098266601562         0.024519545004628444
590.489990234375          0.024299423867660864
590.9701538085938         0.024081487550602288
591.4503173828125         0.023865696903262974
591.9304809570312         0.02365205192564292
592.41064453125           0.023440523032590393
592.8908081054688         0.02323107451452052
593.3709716796875         0.023023706371433302
593.8511352539062         0.022818402827937633
594.331298828125          0.022615112169740444
594.8114624023438         0.022413834396841737
595.2916259765625         0.022214543406998778
595.7717895507812         0.022017204953238816
596.251953125             0.02182181903556185
596.7321166992188         0.021628358510042446
597.2122802734375         0.021436780788075364
597.6924438476562         0.021247085869660613
598.172607421875          0.02105926254683587
598.6527709960938         0.020873271071246334
599.1329345703125         0.02068911144289201
599.6130981445312         0.020506767827276458
600.09326171875           0.020326201440614165
600.5734252929688         0.020147412282905137
601.0535888671875         0.019970378927477408
601.5337524414062         0.019795064147749182
602.013916015625          0.01962146794372046
602.4940795898438         0.01944957206778524
602.9742431640625         0.019279343423083312
603.4544067382812         0.019110782009614677
603.9345703125            0.018943874352785283
604.4147338867188         0.018778587743043144
604.8948974609375         0.018614922180388266
605.3750610351562         0.018452852839685577
605.855224609375          0.018292350890120372
606.3353881835938         0.01813341633169266
606.8155517578125         0.017976038607114983
607.2957153320312         0.017820189200691988
607.77587890625           0.017665868112423676
608.2560424804688         0.01751305183032048
608.7362060546875         0.017361712356758912
609.2163696289062         0.017211849691738973
609.696533203125          0.017063454251961437
610.1766967773438         0.016916487632553164
610.6568603515625         0.016770949833514157
611.1370239257812         0.01662682900896528
611.6171875               0.016484101783769252
612.0973510742188         0.01634276815792608
612.5775146484375         0.016202829067569115
613.0576782226562         0.01606423979349275
613.537841796875          0.015927000335696998
614.0180053710938         0.01579111105933807
614.4981689453125         0.01565653183918113
614.9783325195312         0.015523262675226182
615.45849609375           0.015391280751167143
615.9386596679688         0.015260580945741588
616.4188232421875         0.015131163258949521
616.8989868164062         0.015003007920088839
617.379150390625          0.014876092074143178
617.8593139648438         0.014750415721112535
618.3394775390625         0.014625964966030164
618.8196411132812         0.014502711969928602
619.2998046875            0.014380656732807853
619.7799682617188         0.014259813238662806
620.2601318359375         0.014140136557956602
620.7402954101562         0.014021626690689236
621.220458984375          0.013904281895272552
621.7006225585938         0.01378807550753975
622.1807861328125         0.013673007527490838
622.6609497070312         0.013559058493046415
623.14111328125           0.013446209923177172
623.6212768554688         0.01333446181788312
624.1014404296875         0.013223835068151748
624.5816040039062         0.01311427521074937
625.061767578125          0.013005782245675987
625.5419311523438         0.012898362744158473
626.0220947265625         0.012791989372537843
626.5022583007812         0.0126866621308141
626.982421875             0.012582375202664803
627.4625854492188         0.012479097306940141
627.9427490234375         0.01237682844364012
628.4229125976562         0.01227557109799359
628.903076171875          0.012175306023384657
629.3832397460938         0.01207603321981333
629.8634033203125         0.011977744290040707
630.3435668945312         0.011880417121793578
630.82373046875           0.01178405171507195
631.3038940429688         0.011688634660106879
631.7840576171875         0.011594158008920514
632.2642211914062         0.011500621761512855
632.744384765625          0.01140801653785719
633.2245483398438         0.011316324284810901
633.7047119140625         0.011225545002373993
634.1848754882812         0.011135664009660264
634.6650390625            0.011046667453630813
635.1452026367188         0.010958555334285643
635.6253662109375         0.010871336811541435
636.1055297851562         0.010784980889954917
636.585693359375          0.010699487569526088
637.0658569335938         0.01061485451430404
637.5460205078125         0.01053105603631691
638.0261840820312         0.010448092135564703
638.50634765625           0.010365975994466196
638.9865112304688         0.010284685318435077
639.4666748046875         0.010204220107471346
639.9468383789062         0.010124543120188404
640.427001953125          0.010045667866717263
640.9071655273438         0.009967594347057926
641.3873291015625         0.009890323304241095
641.8674926757812         0.009813823968440475
642.34765625              0.009738096339656067
642.8278198242188         0.00966315085181203
643.3079833984375         0.009588967981626765
643.7881469726562         0.00951554772910028
644.268310546875          0.009442861529203414
644.7484741210938         0.009370914697350645
645.2286376953125         0.009299707233541978
645.7088012695312         0.009229259906724309
646.18896484375           0.009159532719042183
646.6691284179688         0.009090525670495606
647.1492919921875         0.009022214930974553
647.6294555664062         0.008954603355188115
648.109619140625          0.008887690943136291
648.5897827148438         0.008821499767306416
649.0699462890625         0.008755999944844203
649.5501098632812         0.008691191475749656
650.0302734375            0.008627029736639927
650.5104370117188         0.008563541960389429
650.9906005859375         0.008500728146998163
651.4707641601562         0.00843859228174415
651.950927734375          0.008377111499207
652.4310913085938         0.008316285799386714
652.9112548828125         0.008256097356747366
653.3914184570312         0.008196546264399966
653.87158203125           0.008137632522344517
654.3517456054688         0.008079369314694485
654.8319091796875         0.008021710143559301
655.3120727539062         0.007964655008938969
655.792236328125          0.007908245387784688
656.2723999023438         0.007852455147069629
656.7525634765625         0.007797284286793793
657.2327270507812         0.007742673186041734
657.712890625             0.007688662848205889
658.1930541992188         0.007635253273286261
658.6732177734375         0.007582442478096168
659.1533813476562         0.007530209072513347
659.633544921875          0.007478553056537801
660.1137084960938         0.007427478058272437
660.5938720703125         0.0073769726038281965
661.0740356445312         0.007327036693205082
661.55419921875           0.007277646948097151
662.0343627929688         0.007228814962635044
662.5145263671875         0.007180540736818761
662.9946899414062         0.007132837297164491
663.474853515625          0.007085663563832185
663.9550170898438         0.007039019536821844
664.4351806640625         0.006992924869599311
664.9153442382812         0.006947364379781529
665.3955078125            0.0069023380673685015
665.8756713867188         0.0068578360575760975
666.3558349609375         0.0068138536218119855
666.8359985351562         0.006770390760076168
667.316162109375          0.0067274423935661035
667.7963256835938         0.006685003140409674
668.2764892578125         0.00664307300060688
668.7566528320312         0.0066016667130259854
669.23681640625           0.006560749496994654
669.7169799804688         0.0065203213525128895
670.1971435546875         0.006480389951932546
670.6773071289062         0.006440940166101465
671.157470703125          0.0064019719950196485
671.6376342773438         0.006363503848440472
672.1177978515625         0.006325512085664567
672.5979614257812         0.006287996706691937
673.078125                0.0062509675820928215
673.5582885742188         0.006214412563606645
674.0384521484375         0.006178331651233409
674.5186157226562         0.006142685034492976
674.998779296875          0.006107502672903842
675.4789428710938         0.006072784566466006
675.9591064453125         0.006038545247169358
676.4392700195312         0.006004744120421632
676.91943359375           0.005971381186222831
677.3995971679688         0.005938487042534577
677.8797607421875         0.005906033113107967
678.3599243164062         0.005874019397943005
678.840087890625          0.0058424379085639105
679.3202514648438         0.005811293725972145
679.8004150390625         0.005780586850167707
680.2805786132812         0.0057503170763523945
680.7607421875            0.005720471541878163
681.2409057617188         0.005691050246745015
681.7210693359375         0.005662087180271369
682.2012329101562         0.005633527202934938
682.681396484375          0.005605370314735725
683.1615600585938         0.005577638325758102
683.6417236328125         0.005550320304999548
684.1218872070312         0.005523416252460062
684.60205078125           0.005496926742213051
685.0822143554688         0.005470839579323721
685.5623779296875         0.0054451547637920745
686.0425415039062         0.00541989247780672
686.522705078125          0.00539502070674011
687.0028686523438         0.005370539450592246
687.4830322265625         0.005346476613359508
687.9631958007812         0.005322810459698594
688.443359375             0.005299540989609502
688.9235229492188         0.005276642903557323
689.4036865234375         0.005254129011876971
689.8838500976562         0.005231999314568447
690.364013671875          0.005210284318207444
690.8441772460938         0.005188948291934338
691.3243408203125         0.005167991235749133
691.8045043945312         0.005147411780552165
692.28466796875           0.00512721595116217
692.7648315429688         0.0051074037475791504
693.2449951171875         0.0050879674630968505
693.7251586914062         0.0050689002940572025
694.205322265625          0.005050202240460206
694.6854858398438         0.005031881147617192
695.1656494140625         0.005013928057785317
695.6458129882812         0.004996342970964586
696.1259765625            0.004979117910352884
696.6061401367188         0.004962260672627652
697.0863037109375         0.00494577125778889
697.5664672851562         0.004929658144780285
698.046630859375          0.004913894218970257
698.5267944335938         0.004898479480358809
699.0069580078125         0.004883434156629935
699.4871215820312         0.0048687402456435
699.96728515625           0.004854397747399507
700.4474487304688         0.004840415630634335
700.9276123046875         0.004826795945858385
701.4077758789062         0.0048135386930716565
701.887939453125          0.004800631547607979
702.3681030273438         0.0047880724746115644
702.8482666015625         0.0047758614740824185
703.3284301757812         0.0047640021447775665
703.80859375              0.004752484432475973
704.2887573242188         0.004741308337177639
704.7689208984375         0.004730483616641701
705.2490844726562         0.004720001526844831
705.729248046875          0.0047098620677870325
706.2094116210938         0.004700072320034205
706.6895751953125         0.004690621037405647
707.1697387695312         0.00468150821990136
707.64990234375           0.004672739571510369
708.1300659179688         0.004664328355635865
708.6102294921875         0.004656274572277849
709.0903930664062         0.004648494742523143
709.570556640625          0.004641064921304823
710.0507202148438         0.004633985108622892
710.5308837890625         0.004627250311085485
711.0110473632812         0.00462085607436895
711.4912109375            0.0046148023984732885
711.9713745117188         0.004609068680496268
712.4515380859375         0.004603669258175496
712.9317016601562         0.004598604131510976
713.411865234375          0.004593881293632165
713.8920288085938         0.004589492538647155
714.3721923828125         0.004585437866555948
714.8523559570312         0.004581720025749003
715.33251953125           0.0045783309756517315
715.8126831054688         0.004575270716264133
716.2928466796875         0.004572552770423536
716.7730102539062         0.0045701605792671076
717.253173828125          0.004568094142794849
717.7261352539062         0.0045663918817543244
718.1990966796875         0.004565009035126599
718.6720581054688         0.004563945602911675
719.1140747070312         0.004563249371566705
719.5560913085938         0.004562829409921491
719.9981079101562         0.004562685717976032
