% Model:                thre_vessel_constant.mph
% Version:              COMSOL 4.1.0.88
% Date:                 Jun 24 2023, 17:23
% Dimension:            1
% Nodes:                1601
% Expressions:          1
% Description:          Line graph
% x                       Height
0                         0.00472638640322782
0.41445672512054443       0.004726518380667357
0.8289134502410889        0.00472690677949284
1.2433701753616333        0.004727551599704271
1.6578269004821777        0.004728452841301648
2.1013145446777344        0.004729708296713177
2.544802188873291         0.004731263571589284
2.9882898330688477        0.004733118665929971
3.4317774772644043        0.0047352735797352346
3.881989002227783         0.004737757755719703
4.332200527191162         0.004740545443178752
4.782412052154541         0.0047436366421123805
5.23262357711792          0.00474703135252059
5.682836055755615         0.004750740529689255
6.1330485343933105        0.004754757646468928
6.583261013031006         0.0047590827028596095
7.033473491668701         0.004763715698861299
7.4836859703063965        0.004768663278007816
7.933898448944092         0.004773916604719301
8.384110450744629         0.0047794756789957555
8.834322929382324         0.004785340500837177
9.28453540802002          0.004791513328988092
9.734747886657715         0.004797997637603716
10.18496036529541         0.004804793426684051
10.635172843933105        0.004811900696229096
11.0853853225708          0.004819326606184021
11.535597801208496        0.004827063379209817
11.985810279846191        0.004835111015306485
12.436022758483887        0.004843469514474024
12.886235237121582        0.004852152505580273
13.336447715759277        0.004861140612364663
13.786660194396973        0.004870433834827196
14.236872673034668        0.004880032172967869
14.687085151672363        0.004889982400748177
15.137297630310059        0.004900245444856251
15.587510108947754        0.00491082130529209
16.037721633911133        0.004921709982055694
16.487934112548828        0.004932912497793524
16.938146591186523        0.004944443719902318
17.38835906982422         0.004956303648382078
17.838571548461914        0.004968492283232801
18.28878402709961         0.004980990110223044
18.738996505737305        0.004993807151627518
19.189208984375           0.005006943407446224
19.639421463012695        0.005020398877679161
20.08963394165039         0.0050342003704302914
20.539846420288086        0.005048334388089258
20.99005889892578         0.005062800930656061
21.440271377563477        0.005077599998130701
21.890483856201172        0.0050926979513025335
22.340696334838867        0.005108139644995845
22.790908813476562        0.005123925079210634
23.241121292114258        0.0051400542539469015
23.691333770751953        0.005156496109027992
24.14154624938965         0.005173277310133765
24.591758728027344        0.00519039785726422
25.04197120666504         0.0052078577504193575
25.492183685302734        0.005225668025032473
25.94239616394043         0.0052438211487691394
26.392608642578125        0.005262317121629358
26.84282112121582         0.00528115594361313
27.293033599853516        0.0053003277136913956
27.74324607849121         0.005319850951911528
28.193458557128906        0.005339725658273524
28.6436710357666          0.005359951832777389
29.093883514404297        0.005380533736755225
29.544095993041992        0.005401466958202685
29.994308471679688        0.005422751497119769
30.444520950317383        0.005444387353506477
30.894733428955078        0.005466378394689316
31.344945907592773        0.005488731949335373
31.79515838623047         0.00551144801744465
32.24536895751953         0.0055345265990171455
32.695579528808594        0.005557987506744896
33.145790100097656        0.005581808110208442
33.59600067138672         0.005605988409407783
34.04621124267578         0.005630528404342917
34.496421813964844        0.005655446391341137
34.946632385253906        0.005680742940763003
35.39684295654297         0.005706418052608513
35.84705352783203         0.005732471726877666
36.297264099121094        0.0057588814831148315
36.747474670410156        0.0057856755604083375
37.19768524169922         0.005812853958758184
37.64789581298828         0.00584041667816437
38.098106384277344        0.005868383592590898
38.548316955566406        0.005896733629852105
38.99852752685547         0.00592546678994799
39.44873809814453         0.005954583072878553
39.898948669433594        0.005984111782433262
40.349159240722656        0.006014037448838281
40.79936981201172         0.006044360072093614
41.24958038330078         0.00607507965219926
41.699790954589844        0.006106201277590617
42.150001525878906        0.006137731362581994
42.60021209716797         0.006169669907173395
43.05042266845703         0.0062020169113648155
43.500633239746094        0.006234784309025679
43.950843811035156        0.00626796710120596
44.40105438232422         0.006301565287905658
44.85126495361328         0.006335578869124774
45.301475524902344        0.006370018713208637
45.751686096191406        0.0064048861784069145
46.20189666748047         0.006440181264719607
46.65210723876953         0.006475903972146713
47.102317810058594        0.0065120597821779575
47.552528381347656        0.006548654772210425
48.00273895263672         0.0065856889422441145
48.45294952392578         0.006623162292279027
48.903160095214844        0.006661083505350891
49.353370666503906        0.0066994499057222824
49.80358123779297         0.006738261493393202
50.25379180908203         0.00677751826836365
50.704002380371094        0.0068172399667935
51.154212951660156        0.006857422898335872
51.60442352294922         0.006898067062990764
52.05463409423828         0.006939172460758177
52.504844665527344        0.006980751332124934
52.955055236816406        0.00702280196632576
53.40526580810547         0.007065324363360655
53.85547637939453         0.007108318523229618
54.305686950683594        0.007151797653065337
54.755897521972656        0.007195760540624968
55.20610809326172         0.007240207185908516
55.65631866455078         0.0072851375889159764
56.106529235839844        0.007330560667846112
56.556739807128906        0.007376484984908519
57.00695037841797         0.0074229105401032005
57.45716094970703         0.007469837333430153
57.907371520996094        0.0075172698203342355
58.357582092285156        0.007565216315815703
58.80779266357422         0.007613676819874556
59.25800323486328         0.0076626513325107936
59.708213806152344        0.007712150626404448
60.158424377441406        0.007762174739483167
60.60863494873047         0.007812723671746954
61.05884552001953         0.007863797423195805
61.509056091308594        0.007915413772751205
61.959266662597656        0.00796757315036152
62.40947723388672         0.008020275556026754
62.85968780517578         0.008073520989746905
63.309898376464844        0.008127330815024841
63.760108947753906        0.008181697926464036
64.21031951904297         0.00823662232406449
64.66053009033203         0.008292104007826205
65.1107406616211          0.008348159107282514
65.56095123291016         0.008404789057068115
66.01116180419922         0.00846199385718301
66.46137237548828         0.008519773507627199
66.91158294677734         0.00857814632430968
67.3617935180664          0.008637108839796622
67.81200408935547         0.008696661054088024
68.26221466064453         0.008756802967183886
68.7124252319336          0.00881755709705168
69.16263580322266         0.00887892223935273
69.61284637451172         0.00894089839408704
70.06305694580078         0.00900348556125461
70.51326751708984         0.00906669984328052
70.9634780883789          0.009130545098767916
71.41368865966797         0.009195021327716803
71.86389923095703         0.009260128530127176
72.3141098022461          0.009325884094014135
72.76432037353516         0.009392288069643423
73.21453094482422         0.009459340457015044
73.66474151611328         0.009527041256128996
74.11495208740234         0.009595411820550506
74.5651626586914          0.009664452408523512
75.01537322998047         0.009734163020048021
75.46558380126953         0.009804543655124029
75.9157943725586          0.00987561684950543
76.36600494384766         0.00994738012398066
76.81621551513672         0.010019833478549718
77.26642608642578         0.010092976913212603
77.71663665771484         0.010166839918173451
78.1668472290039          0.01024141791473792
78.61705780029297         0.01031671090290601
79.06726837158203         0.010392718882677723
79.5174789428711          0.010469451161709319
79.96768951416016         0.010546923754815217
80.41790008544922         0.010625136661995415
80.86811065673828         0.010704089883249916
81.31832122802734         0.01078379828044011
81.7685317993164          0.010864270167665106
82.21874237060547         0.010945505544924905
82.66895294189453         0.011027504412219509
83.1191635131836          0.011110283509767654
83.56937408447266         0.011193851562242025
84.01958465576172         0.011278208569642626
84.46979522705078         0.011363354531969457
84.92000579833984         0.011449313991715122
85.3702163696289          0.01153608739482825
85.82042694091797         0.011623674741308834
86.27063751220703         0.011712076031156881
86.7208480834961          0.0118013160354177
87.17105865478516         0.011891401157833508
87.62126922607422         0.011982331398404305
88.07147979736328         0.012074106757130092
88.52169036865234         0.012166734890751605
88.9719009399414          0.012260239202816211
89.42211151123047         0.012354619693323904
89.87232208251953         0.01244987636227469
90.3225326538086          0.012546029929978827
90.77274322509766         0.012643082451494175
91.22295379638672         0.012741033926820735
91.67316436767578         0.012839884355958509
92.12337493896484         0.012939658433726577
92.5735855102539          0.013040369004560466
93.02379608154297         0.013142016068460176
93.47400665283203         0.013244599625425707
93.9242172241211          0.013348139388997895
94.37442779541016         0.013452644101396054
94.82463836669922         0.013558113762620184
95.27484893798828         0.013664548372670287
95.72505950927734         0.013771980982021733
96.1752700805664          0.013880413835234603
96.62548065185547         0.013989846932308897
97.07569122314453         0.014100280273244614
97.5259017944336          0.014211738248174273
97.97611236572266         0.014324234511717939
98.42632293701172         0.01443776906387561
98.87653350830078         0.014552341904647282
99.32674407958984         0.014667983272470882
99.7769546508789          0.01478469715229984
100.22716522216797        0.014902483544134162
100.67737579345703        0.015021342447973847
101.1275863647461         0.015141304868123557
101.57779693603516        0.015262380939660812
102.02800750732422        0.015384570662585612
102.47821807861328        0.015507874036897955
102.92842864990234        0.015632315606535625
103.3786392211914         0.015757914367382952
103.82884979248047        0.01588467031943993
104.27906036376953        0.016012583462706568
104.7292709350586         0.016141674544604655
105.17948150634766        0.016271964146828553
105.62969207763672        0.01640345226937827
106.07990264892578        0.016536138912253792
106.53011322021484        0.01667005445450132
106.9803237915039         0.01680521014269333
107.43053436279297        0.016941605976829838
107.88074493408203        0.017079241956910834
108.3309555053711         0.017218145998097636
108.78116607666016        0.017358339130502713
109.23137664794922        0.017499821354126054
109.68158721923828        0.017642592668967658
110.13179779052734        0.017786683882855557
110.5820083618164         0.01793211268438888
111.03221893310547        0.018078879073567616
111.48242950439453        0.018226983050391766
111.9326400756836         0.01837645183690512
112.38285064697266        0.018527308205317825
112.83306121826172        0.018679552155629883
113.28327178955078        0.01883318368784129
113.73348236083984        0.01898824074757674
114.1836929321289         0.019144741020355346
114.63390350341797        0.0193026845061771
115.08411407470703        0.01946207120504201
115.5343246459961         0.019622926591249062
115.98453521728516        0.019785278213744806
116.43474578857422        0.019949126072529244
116.88495635986328        0.020114470167602375
117.33516693115234        0.020281338038824915
117.7853775024414         0.020449764110579142
118.23558807373047        0.02061974838286507
118.68579864501953        0.02079129085568269
119.1360092163086         0.020964424014484843
119.58621978759766        0.02113917204187642
120.03643035888672        0.021315534937857424
120.48664093017578        0.021493512702427848
120.93685150146484        0.02167315216124482
121.3870620727539         0.021854469847223928
121.83727264404297        0.02203746576036517
122.28748321533203        0.022222139900668545
122.7376937866211         0.022408527976970728
123.18790435791016        0.022596667096483173
123.63811492919922        0.022786557259205885
124.08832550048828        0.02297819846513886
124.53853607177734        0.023171611186652546
124.9887466430664         0.023366844646096684
125.43895721435547        0.023563898843471272
125.88916778564453        0.02376277377877632
126.3393783569336         0.023963510912059026
126.78958892822266        0.02416613712353526
127.23979949951172        0.02437065241320502
127.69001007080078        0.0245770567810683
128.14022827148438        0.024785390989222965
128.59043884277344        0.024995696787418756
129.0406494140625         0.02520797417565567
129.49085998535156        0.025422223153933714
129.94107055664062        0.02563849392059384
130.3912811279297         0.025856811016143445
130.84149169921875        0.02607717444058253
131.2917022705078         0.026299584193911096
131.74191284179688        0.026524077480381887
132.19212341308594        0.026750712590026184
132.642333984375          0.026979489522843986
133.09254455566406        0.027210408278835294
133.54275512695312        0.027443508347076078
133.9929656982422         0.027678831953347006
134.44317626953125        0.027916379097648075
134.8933868408203         0.028156149779979284
135.34359741210938        0.028398200850601116
135.79380798339844        0.02864256802649246
136.2440185546875         0.02888925130765333
136.69422912597656        0.029138250694083715
137.14443969726562        0.029389649032853873
137.5946502685547         0.02964346105934379
138.04486083984375        0.02989968677355346
138.4950714111328         0.03015832617548288
138.94528198242188        0.030419460330116662
139.39549255371094        0.030683117205300092
139.845703125             0.030949296801033168
140.29591369628906        0.031217999117315893
140.74612426757812        0.03148927737089484
141.1963348388672         0.03176319428630649
141.64654541015625        0.03203974986355084
142.0967559814453         0.03231894410262791
142.54696655273438        0.0326008259413674
142.99717712402344        0.0328854651906623
143.4473876953125         0.03317286185051261
143.89759826660156        0.033463015920918326
144.34780883789062        0.03375597922990302
144.7980194091797         0.034051821365140386
145.24822998046875        0.034350542326630436
145.6984405517578         0.03465214211437317
146.14865112304688        0.03495668853537756
146.59886169433594        0.03526424379365262
147.049072265625          0.035574807889198354
147.49928283691406        0.03588838082201474
147.94949340820312        0.036205058227940866
148.3997039794922         0.036524870025589164
148.84991455078125        0.03684781621495964
149.3001251220703         0.03717389679605227
149.75033569335938        0.03750319903094999
150.20054626464844        0.03783580002100668
150.6507568359375         0.03817169976622234
151.10096740722656        0.038510898266596975
151.55117797851562        0.038853489675020725
152.0013885498047         0.03919953060164735
152.45159912109375        0.03954902104647688
152.9018096923828         0.039901961009509296
153.35202026367188        0.04025841647975574
153.80223083496094        0.04061846787289533
154.25244140625           0.040982115188928046
154.70265197753906        0.041349358427853894
155.15286254882812        0.041720404343748796
155.6030731201172         0.04209524521778035
156.05328369140625        0.04247388104994854
156.5034942626953         0.042856311840253375
156.95370483398438        0.04324257151194007
157.40391540527344        0.043632798954581914
157.8541259765625         0.044026994168178915
158.30433654785156        0.04442515715273108
158.75454711914062        0.04482750974930726
159.2047576904297         0.04523402220454578
159.65496826171875        0.04564469451844666
160.1051788330078         0.04605952669100989
160.55538940429688        0.046478655220297586
161.00559997558594        0.046902175753311355
161.455810546875          0.04733008829005121
161.90602111816406        0.04776239283051715
162.35623168945312        0.048199231939135764
162.8064422607422         0.0486406792558779
163.25665283203125        0.04908673478074356
163.7068634033203         0.049537398513732726
164.15707397460938        0.04999282972190177
164.60728454589844        0.05045312518259187
165.0574951171875         0.050918284895802995
165.50770568847656        0.05138830886153516
165.95791625976562        0.05186333367630847
166.4081268310547         0.05234346932714237
166.85833740234375        0.052828715814036864
167.3085479736328         0.05331907313699195
167.75875854492188        0.05381476537982798
168.20896911621094        0.05431587720558438
168.6591796875            0.05482240861426113
169.10939025878906        0.055334359605858245
169.55960083007812        0.05585180537536421
170.0098114013672         0.056374970151935815
170.46002197265625        0.056903853935573054
170.9102325439453         0.057438456726275934
171.36044311523438        0.05797888347979349
171.81065368652344        0.05852537582822826
172.2608642578125         0.05907793377158022
172.71107482910156        0.05963655730984938
173.16128540039062        0.060201350928285616
173.6114959716797         0.060772535077509966
174.06170654296875        0.061350109757522434
174.5119171142578         0.06193407496832301
174.96212768554688        0.06252462475280046
175.41233825683594        0.06312193698580629
175.862548828125          0.06372601166734049
176.31275939941406        0.06433684879740303
176.76296997070312        0.06495474340893637
177.2131805419922         0.06557981627211375
177.66339111328125        0.06621206738693516
178.1136016845703         0.0668514967534006
178.56381225585938        0.06749825273435402
179.01402282714844        0.06815265970004958
179.4642333984375         0.06881471765048726
179.91444396972656        0.06948442658566707
180.36465454101562        0.0701620095363717
180.8148651123047         0.07084771228711473
181.26507568359375        0.07154153483789619
181.7152862548828         0.07224347718871604
182.16549682617188        0.07295377436845647
182.61570739746094        0.07367272808387032
183.06591796875           0.07440033833495757
183.51612854003906        0.07513660512171824
183.96633911132812        0.07588181696396296
184.4165496826172         0.07663625450992297
184.86676025390625        0.07739991775959829
185.3169708251953         0.07817280671298889
185.76718139648438        0.07895531473012325
186.21739196777344        0.0797477109296458
186.6676025390625         0.08054999531155654
187.11781311035156        0.08136216787585547
187.56802368164062        0.08218443706038667
188.0182342529297         0.083017335068517
188.46844482421875        0.08386086190024647
188.9186553955078         0.0847150175555751
189.36886596679688        0.08558003199755505
189.81907653808594        0.08645642748876653
190.269287109375          0.08734420402920956
190.71949768066406        0.08824336161888413
191.16970825195312        0.0891543882550511
191.6199188232422         0.09007755626922909
192.07012939453125        0.09101286566141809
192.5203399658203         0.0919603164316181
192.97055053710938        0.09292059975025375
193.42076110839844        0.09389406070790837
193.8709716796875         0.09488069930458193
194.32118225097656        0.09588051554027446
194.77139282226562        0.09689398706648365
195.2216033935547         0.09792173092382868
195.67181396484375        0.09896374711230956
196.1220245361328         0.10002003563192625
196.57223510742188        0.10109117042244367
197.02244567871094        0.10217771933621012
197.47265625              0.1032796823732256
197.92286682128906        0.10439705953349013
198.37307739257812        0.1055305920843225
198.8232879638672         0.10668087916486271
199.27349853515625        0.10784792077511082
199.7237091064453         0.10903171691506677
200.17391967773438        0.11023331021213686
200.62413024902344        0.11145327028967669
201.0743408203125         0.11269159714768631
201.52455139160156        0.11394829078616568
201.97476196289062        0.11522363538887703
202.4249725341797         0.11651912291061266
202.87518310546875        0.11783475335137256
203.3253936767578         0.11917052671115674
203.77560424804688        0.12052704740413164
204.22581481933594        0.12190571255862302
204.676025390625          0.12330652217463085
205.12623596191406        0.12472947625215518
205.57644653320312        0.12617541042638974
206.0266571044922         0.1276456133935477
206.47686767578125        0.12914008515362901
206.9270782470703         0.13065882570663367
207.37728881835938        0.1322033399507385
207.82749938964844        0.13377482282892775
208.2777099609375         0.13537327434120147
208.72792053222656        0.13699869448755964
209.17813110351562        0.13865235612979507
209.6283416748047         0.14033596488666222
210.07855224609375        0.1420495207581611
210.5287628173828         0.1437930237442917
210.97897338867188        0.14556879205208276
211.42918395996094        0.14737808864032642
211.87939453125           0.1492209135090227
212.32960510253906        0.15109726665817158
212.77981567382812        0.15300947195424308
213.2300262451172         0.1549596625925567
213.68023681640625        0.1569478385731125
214.1304473876953         0.15897399989591043
214.58065795898438        0.16104015178051387
215.03086853027344        0.16314952974171518
215.4810791015625         0.16530213377951442
215.93128967285156        0.16749796389391158
216.38150024414062        0.1697396600555102
216.8317108154297         0.17203084778241806
217.28192138671875        0.1743715270746352
217.7321319580078         0.1767616979321616
218.18234252929688        0.17920400176240445
218.63255310058594        0.1817032410082809
219.082763671875          0.18425941566979104
219.53297424316406        0.18687252574693478
219.98318481445312        0.1895479132170833
220.4333953857422         0.19229026117095402
220.88360595703125        0.1950995696085469
221.3338165283203         0.19797583852986203
221.78402709960938        0.20092193981070094
222.23423767089844        0.20394723537087284
222.6844482421875         0.20705172521037762
223.13465881347656        0.21023540932921533
223.58486938476562        0.21350473437788509
224.0350799560547         0.21686926888463032
224.48529052734375        0.22032901284945106
224.9355010986328         0.22388396627234733
225.38571166992188        0.22754200658693222
225.83592224121094        0.23131621979182618
226.2861328125            0.23520660588702932
226.73634338378906        0.2392131648725416
227.18655395507812        0.24334745921104628
227.6367645263672         0.24762675894068262
228.08697509765625        0.25205106406145045
228.5371856689453         0.25662037457334985
228.98739624023438        0.26135178106416135
229.43760681152344        0.26627206079890897
229.8878173828125         0.2713812137775928
230.33802795410156        0.2766792400002127
230.78823852539062        0.2821860134369508
231.2384490966797         0.28794410779539625
231.68865966796875        0.293953523075549
232.1388702392578         0.3002142592774091
232.58908081054688        0.3067638211698321
233.03929138183594        0.31367192726569504
233.489501953125          0.3209385775649979
233.93971252441406        0.32856377206774073
234.38992309570312        0.3366007611694425
234.8401336669922         0.34518974972890926
235.29034423828125        0.354330737746141
235.7405548095703         0.36402372522113763
236.19076538085938        0.374395541048433
236.64097595214844        0.3857617696430112
237.0911865234375         0.39812241100487233
237.54139709472656        0.41147746513401634
237.99160766601562        0.42612865922093185
238.4418182373047         0.4433399208638895
238.89202880859375        0.4631112500628893
239.3422393798828         0.48544264681793114
239.79244995117188        0.5307495452165594
240.24266052246094        0.5684201561254799
240.69287109375           0.5984544795446927
241.14308166503906        0.6208525154741976
241.59329223632812        0.6353540200976083
242.0435028076172         0.6478085820028536
242.49371337890625        0.6582162011899334
242.9439239501953         0.6665768776588478
243.39413452148438        0.6740980242797427
243.84434509277344        0.6808605817039782
244.2945556640625         0.6868645499315538
244.74476623535156        0.6921099289624698
245.19497680664062        0.6969700169926952
245.6451873779297         0.7014116076329934
246.09539794921875        0.7054347008833641
246.5456085205078         0.7090392967438078
246.99581909179688        0.7124177504991644
247.44602966308594        0.7155770744135546
247.896240234375          0.7185172684869783
248.34645080566406        0.7212383327194357
248.79666137695312        0.723735575730077
249.2468719482422         0.7260830410140798
249.69708251953125        0.7282807285714444
250.1472930908203         0.7303286384021707
250.59750366210938        0.73229584911909
251.04771423339844        0.7341635610607931
251.4979248046875         0.73593177422728
251.94813537597656        0.7376004886185507
252.39834594726562        0.7391790252186341
252.8485565185547         0.7406868837252657
253.29876708984375        0.7421240641384457
253.7489776611328         0.7434905664581739
254.19918823242188        0.7448325759082284
254.64939880371094        0.7461030701151482
255.099609375             0.7473020490789333
255.54981994628906        0.7484295127995835
256.0000305175781         0.7495252692430482
256.45025634765625        0.7505836804026691
256.9004821777344         0.7516047462784459
257.3507080078125         0.7525884668703788
257.8009338378906         0.7535255982422207
258.25115966796875        0.7544293322765044
258.7013854980469         0.7552996689732299
259.151611328125          0.7561366083323973
259.6018371582031         0.7569655359623294
260.05206298828125        0.7577614683438527
260.5022888183594         0.758524405476967
260.9525146484375         0.7592543473616724
261.4027404785156         0.7599924558259694
261.85296630859375        0.7607024295832719
262.3031921386719         0.7613842686335801
262.75341796875           0.7620379729768936
263.2036437988281         0.7626608809613588
263.65386962890625        0.7632604238155654
264.1040954589844         0.7638366015395133
264.5543212890625         0.7643894141332028
265.0045471191406         0.7649904954550762
265.45477294921875        0.7655568425275022
265.9049987792969         0.7660884553504808
266.355224609375          0.7665853339240117
266.8054504394531         0.7670921924399791
267.25567626953125        0.7675769043323672
267.7059020996094         0.7680394696011763
268.1561279296875         0.7684798882464062
268.6063537597656         0.7689502872267069
269.05657958984375        0.7694058957256698
269.5068054199219         0.7698467137432947
269.95703125              0.7702727412795817
270.4072570800781         0.770680245872924
270.85748291015625        0.7710757778805268
271.3077087402344         0.7714593373023899
271.7579345703125         0.7718309241385134
272.2081604003906         0.7722140579905659
272.65838623046875        0.772582804582728
273.1086120605469         0.772937163915
273.558837890625          0.7732771359873819
274.0090637207031         0.7736251545708146
274.45928955078125        0.7739621959618902
274.9095153808594         0.7742882601606085
275.3597412109375         0.7746033471669695
275.8099670410156         0.7749174129838134
276.26019287109375        0.7752178298383434
276.7104187011719         0.7755045977305595
277.16064453125           0.7757777166604618
277.6108703613281         0.7761186494848813
278.06109619140625        0.7764361298068599
278.5113220214844         0.7767301576263982
278.9615478515625         0.7770007329434958
279.4117736816406         0.7772699099405608
279.86199951171875        0.7775252799582091
280.3122253417969         0.7777668429964408
280.762451171875          0.7779945990552559
281.2126770019531         0.7782458599877016
281.66290283203125        0.7784919204933346
282.1131286621094         0.7787327805721551
282.5633544921875         0.7789684402241632
283.0135803222656         0.7791835897863668
283.46380615234375        0.7793971534700643
283.9140319824219         0.7796091312752556
284.3642578125            0.7798195232019405
284.8144836425781         0.7800470315297491
285.26470947265625        0.7802633783011826
285.7149353027344         0.7804685635162415
286.1651611328125         0.7806625871749253
286.6153869628906         0.7808773119307817
287.06561279296875        0.7810790045915363
287.5158386230469         0.7812676651571897
287.966064453125          0.7814432936277412
288.4162902832031         0.7816263603467978
288.86651611328125        0.7818058475204684
289.3167419433594         0.7819817551487532
289.7669677734375         0.782154083231652
290.2171936035156         0.7823232618289858
290.66741943359375        0.7824933002670931
291.1176452636719         0.7826641985459739
291.56787109375           0.7828359566656283
292.0180969238281         0.7829881773237977
292.46832275390625        0.7831397787165416
292.9185485839844         0.7832907608438602
293.3687744140625         0.7834411237057535
293.8190002441406         0.7836058693892386
294.26922607421875        0.7837723629638411
294.7194519042969         0.7839406044295613
295.169677734375          0.7841105937863989
295.6199035644531         0.7841978954715675
296.07012939453125        0.7842991678109517
296.5203552246094         0.7844144108045517
296.9705810546875         0.7845436244523675
297.4208068847656         0.7846759158733615
297.87103271484375        0.7848062908556624
298.3212585449219         0.7849347493992705
298.771484375             0.7850612915041857
299.2217102050781         0.7852043873164858
299.67193603515625        0.7853317398789063
300.1221618652344         0.785443349191447
300.5723876953125         0.7855392152541081
301.0226135253906         0.7856659316741058
301.47283935546875        0.7857989555501436
301.9230651855469         0.7859382868822213
302.373291015625          0.786083925670339
302.8235168457031         0.786158164503415
303.27374267578125        0.7862430389334935
303.7239685058594         0.7863385489605744
304.1741943359375         0.7864446945846579
304.6244201660156         0.7865463055036535
305.07464599609375        0.786642483519303
305.5248718261719         0.7867332286316067
305.97509765625           0.7868185408405641
306.4253234863281         0.7869260899891324
306.87554931640625        0.7870380100018795
307.3257751464844         0.7871543008788058
307.7760009765625         0.7872749626199113
308.2262268066406         0.7873350760354203
308.67645263671875        0.7874024967188068
309.1266784667969         0.7874772246700708
309.576904296875          0.7875592598892123
310.0271301269531         0.787660104785698
310.47735595703125        0.7877492284007014
310.9275817871094         0.7878266307342225
311.3778076171875         0.7878923117862612
311.8280334472656         0.787969909850835
312.27825927734375        0.7880460132891156
312.7284851074219         0.788120622101103
313.1787109375            0.788193736286797
313.6289367675781         0.788270785334558
314.07916259765625        0.7883459895835466
314.5293884277344         0.7884193490337632
314.9796142578125         0.7884908636852075
315.4298400878906         0.7885768193239668
315.88006591796875        0.78866548494306
316.3302917480469         0.7887568605424871
316.780517578125          0.7888509461222478
317.2307434082031         0.7888956452365379
317.68096923828125        0.7889402212952111
318.1311950683594         0.7889846742982674
318.5814208984375         0.7890290042457069
319.0316467285156         0.7890844042871767
319.48187255859375        0.789142524609305
319.9320983886719         0.7892033652120918
320.38232421875           0.7892669260955372
320.8325500488281         0.7893389147784983
321.28277587890625        0.7894162583650906
321.7330017089844         0.7894989568553141
322.1832275390625         0.7895870102491688
322.6334533691406         0.7896004131723091
323.08367919921875        0.7896208781623453
323.5339050292969         0.7896484052192771
323.984130859375          0.7896829943431048
324.4343566894531         0.7897427161048169
324.88458251953125        0.789794920048129
325.3348083496094         0.7898396061730413
325.7850341796875         0.7898767744795536
326.2352600097656         0.7899503126276112
326.68548583984375        0.7900145222022021
327.1357116699219         0.7900694032033265
327.5859375               0.7901149556309844
328.0361633300781         0.790162399574461
328.48638916015625        0.790206032649779
328.9366149902344         0.7902458548569382
329.3868408203125         0.790281866195939
329.8370666503906         0.7903359381382297
330.28729248046875        0.7903813150702924
330.7375183105469         0.790417996992127
331.187744140625          0.7904459839037337
331.6379699707031         0.7904668096741676
332.08819580078125        0.7904879157102331
332.5384216308594         0.7905093020119303
332.9886474609375         0.7905309685792591
333.4388732910156         0.7905840831401748
333.88909912109375        0.7906237153505791
334.3393249511719         0.7906498652104722
334.78955078125           0.7906625327198539
335.2397766113281         0.790721936669775
335.69000244140625        0.7907772666873776
336.1402282714844         0.7908285227726619
336.5904541015625         0.7908757049256279
337.0406799316406         0.7908977887959749
337.49090576171875        0.7909130848873852
337.9411315917969         0.7909215931998587
338.391357421875          0.7909233137333954
338.8415832519531         0.7909574856540706
339.29180908203125        0.790983445755767
339.7420349121094         0.7910011940384839
340.1922607421875         0.7910107305022218
340.6424865722656         0.7910737075055972
341.09271240234375        0.7911213599842566
341.5429382324219         0.7911536879382
341.9931640625            0.7911706913674271
342.4433898925781         0.7911856084998081
342.89361572265625        0.791207058193327
343.3438415527344         0.7912350404479839
343.7940673828125         0.7912695552637786
344.2442932128906         0.7912823298519607
344.69451904296875        0.7912980714801806
345.1447448730469         0.7913167801484381
345.594970703125          0.7913384558567333
346.0451965332031         0.7913463026505095
346.49542236328125        0.7913511362468555
346.9456481933594         0.7913529566457715
347.3958740234375         0.7913517638472575
347.8460998535156         0.7913741783001129
348.29632568359375        0.7914064367956715
348.7465515136719         0.791448539333933
349.19677734375           0.7915004859148975
349.6470031738281         0.7914879135854682
350.09722900390625        0.791488770907037
350.5474548339844         0.7915030578796036
350.9976806640625         0.7915307745031683
351.4479064941406         0.791513972104537
351.89813232421875        0.7914998010458644
352.3483581542969         0.7914882613271506
352.798583984375          0.7914793529483953
353.2488098144531         0.7914970383642197
353.69903564453125        0.7915078660728077
354.1492614746094         0.7915118360741594
354.5994873046875         0.7915089483682748
355.0497131347656         0.7915416841367464
355.49993896484375        0.791564989216997
355.9501647949219         0.7915788636090267
356.400390625             0.7915833073128354
356.8506164550781         0.7915883280170078
357.30084228515625        0.7915896601329651
357.7510681152344         0.7915873036607068
358.2012939453125         0.7915812586002334
358.6515197753906         0.7915822685698822
359.10174560546875        0.7915808733875893
359.5519714355469         0.7915770730533547
360.002197265625          0.7915708675671784
360.4524230957031         0.7915767209578618
360.90264892578125        0.7915868428028552
361.3528747558594         0.7916012331021587
361.8031005859375         0.7916198918557723
362.2533264160156         0.7916308855889417
362.70355224609375        0.7916313955182003
363.1537780761719         0.7916214216435483
363.60400390625           0.7916009639649857
364.0542297363281         0.7915871821183044
364.50445556640625        0.7915765818483612
364.9546813964844         0.7915691631551561
365.4049072265625         0.7915649260386892
365.8551330566406         0.7915616269877198
366.30535888671875        0.7915612793529864
366.7555847167969         0.7915638831344889
367.205810546875          0.7915694383322274
367.6560363769531         0.7915469420247201
368.10626220703125        0.7915229365351292
368.5564880371094         0.7914974218634548
369.0067138671875         0.7914703980096969
369.4569396972656         0.7914503364244636
369.90716552734375        0.791432677806389
370.3573913574219         0.7914174221554733
370.8076171875            0.7914045694717164
371.2578430175781         0.7914099753997927
371.70806884765625        0.7914150669543752
372.1582946777344         0.7914198441354641
372.6085205078125         0.7914243069430589
373.0587463378906         0.7913699269231858
373.50897216796875        0.7913265971793741
373.9591979980469         0.7912943177116241
374.409423828125          0.7912730885199356
374.8596496582031         0.7912779995612154
375.30987548828125        0.7912733367882777
375.7601013183594         0.7912591002011231
376.2103271484375         0.7912352897997512
376.6605529785156         0.7912233665851675
377.11077880859375        0.7912047687241631
377.5610046386719         0.7911794962167382
378.01123046875           0.7911475490628929
378.4614562988281         0.7911054752371276
378.91168212890625        0.7910730055875963
379.3619079589844         0.7910501401142991
379.8121337890625         0.7910368788172358
380.2623596191406         0.791041033401679
380.71258544921875        0.7910296811708408
381.1628112792969         0.7910028221247217
381.613037109375          0.7909604562633215
382.0632629394531         0.7909190334036644
382.51348876953125        0.7908823104665995
382.9637145996094         0.7908502874521268
383.4139404296875         0.7908229643602463
383.8641662597656         0.7907952070490655
384.31439208984375        0.7907632715936553
384.7646179199219         0.790727157994016
385.21484375              0.7906868662501474
385.6650695800781         0.7906558192716676
386.11529541015625        0.7906227007602598
386.5655212402344         0.790587510715924
387.0157470703125         0.7905502491386601
387.4659729003906         0.7905289469611549
387.91619873046875        0.790497675973765
388.3664245605469         0.7904564361764899
388.816650390625          0.79040522756933
389.2668762207031         0.7903675666930637
389.71710205078125        0.7903260028007101
390.1673278808594         0.7902805358922689
390.6175537109375         0.7902311659677403
391.0677795410156         0.7901942227531784
391.51800537109375        0.7901580545384155
391.9682312011719         0.7901226613234518
392.41845703125           0.7900880431082871
392.8686828613281         0.7900423780804824
393.31890869140625        0.789992168939523
393.7691345214844         0.7899374156854084
394.2193603515625         0.7898781183181391
394.6695861816406         0.7898547101029365
395.11981201171875        0.7898207071733796
395.5700378417969         0.7897761095294684
396.020263671875          0.7897209171712031
396.4704895019531         0.7896623384386321
396.92071533203125        0.7896019991981627
397.3709411621094         0.789539899449795
397.8211669921875         0.7894760391935289
398.2713928222656         0.7894272440874747
398.72161865234375        0.789376750796986
399.1718444824219         0.7893245593220626
399.6220703125            0.7892706696627049
400.0722961425781         0.7892215029702612
400.52252197265625        0.7891601413644298
400.9727478027344         0.7890865848452108
401.4229736328125         0.7890008334126042
401.8731994628906         0.7889441848375305
402.32342529296875        0.7888967306827325
402.7736511230469         0.78885847094821
403.223876953125          0.7888294056339632
403.6741027832031         0.7887135648257461
404.12432861328125        0.7886055592880852
404.5745544433594         0.7885053890209807
405.0247802734375         0.7884130540244324
405.4750061035156         0.788347208437271
405.92523193359375        0.7882772724270973
406.3754577636719         0.7882032459939116
406.82568359375           0.7881251291377135
407.2759094238281         0.78808398293544
407.72613525390625        0.7880393986998445
408.1763610839844         0.787991376430927
408.6265869140625         0.7879399161286874
409.0768127441406         0.7878333892451679
409.52703857421875        0.7877305142603227
409.9772644042969         0.7876312911741518
410.427490234375          0.787535719986655
410.8777160644531         0.7874890177555088
411.32794189453125        0.7874157787366594
411.7781677246094         0.7873160029301067
412.2283935546875         0.7871896903358506
412.6786193847656         0.7871076387332298
413.12884521484375        0.7870160673929665
413.5790710449219         0.786914976315061
414.029296875             0.786804365499513
414.4795227050781         0.7867202115243968
414.92974853515625        0.7866400178382593
415.3799743652344         0.7865637844411011
415.8302001953125         0.7864915113329216
416.2804260253906         0.7863637853517582
416.73065185546875        0.7862370641046895
417.1808776855469         0.7861113475917154
417.631103515625          0.785986635812836
418.0813293457031         0.785882385583967
418.53155517578125        0.7857836258670541
418.9817810058594         0.7856903566620974
419.4320068359375         0.785602577969097
419.8822326660156         0.78544942580018
420.33245849609375        0.7853146864593417
420.7826843261719         0.7851983599465826
421.23291015625           0.7851004462619022
421.6831359863281         0.7849721019729412
422.13336181640625        0.7848366142569317
422.5835876464844         0.784693983113874
423.0338134765625         0.7845442085437678
423.4840393066406         0.7844024049566138
423.93426513671875        0.7842644099188367
424.3844909667969         0.784130223430436
424.834716796875          0.7839998454914121
425.2849426269531         0.7838647103550719
425.73516845703125        0.7837228967314434
426.1853942871094         0.7835744046205264
426.6356201171875         0.7834192340223212
427.0858459472656         0.7832643583126864
427.53607177734375        0.7831057165837295
427.9862976074219         0.7829433088354506
428.4365234375            0.7827771350678496
428.8867492675781         0.7826196771662748
429.33697509765625        0.7824569293607037
429.7872009277344         0.7822888916511359
430.2374267578125         0.7821155640375719
430.6876525878906         0.781946028189622
431.13787841796875        0.7817789200428084
431.5881042480469         0.7816142395971309
432.038330078125          0.7814519868525897
432.4885559082031         0.7812689112636331
432.93878173828125        0.7810796559408905
433.3890075683594         0.7808842208843618
433.8392333984375         0.780682606094047
434.2894592285156         0.7804626031298266
434.73968505859375        0.7802534869741109
435.1899108886719         0.7800552576269
435.64013671875           0.7798679150881938
436.0903625488281         0.7796377110628765
436.54058837890625        0.7794057645381096
436.9908142089844         0.7791720755138929
437.4410400390625         0.7789366439902267
437.8912658691406         0.7787035030162891
438.34149169921875        0.7784611503983058
438.7917175292969         0.7782095861362766
439.241943359375          0.7779488102302018
439.6921691894531         0.777712336397327
440.14239501953125        0.7774668261938259
440.5926208496094         0.7772122796196985
441.0428466796875         0.7769486966749449
441.4930725097656         0.7766661576863501
441.94329833984375        0.7763793720395784
442.3935241699219         0.7760883397346301
442.84375                 0.7757930607715049
443.2939758300781         0.7755186774990864
443.74420166015625        0.7752352134216604
444.1944274902344         0.7749426685392269
444.6446533203125         0.7746410428517858
445.0948791503906         0.7743097728593635
445.54510498046875        0.7739741326558068
445.9953308105469         0.7736341222411158
446.445556640625          0.7732897416152906
446.8957824707031         0.7729427260910644
447.34600830078125        0.7725815699222908
447.7962341308594         0.7722062731089696
448.2464599609375         0.771816835651101
448.6966857910156         0.7714398684315902
449.14691162109375        0.7710509275119811
449.5971374511719         0.7706500128922736
450.04736328125           0.7702371245724678
450.4975891113281         0.7698285964746805
450.94781494140625        0.7694122941330185
451.3980407714844         0.7689882175474821
451.8482666015625         0.7685563667180713
452.2984924316406         0.7680621944208528
452.74871826171875        0.7675742117727401
453.1989440917969         0.7670924187737334
453.649169921875          0.7666168154238324
454.0993957519531         0.7660849625823735
454.54962158203125        0.7655471970566482
454.9998474121094         0.7650035188466566
455.4500732421875         0.7644539279523987
455.9002990722656         0.7638737832127109
456.35052490234375        0.7632738480786849
456.8007507324219         0.7626541225503207
457.2509765625            0.7620146066276186
457.7012023925781         0.7613440895243426
458.15142822265625        0.7606643147769906
458.6016540527344         0.7599752823855622
459.0518798828125         0.7592769923500575
459.5021057128906         0.7585312601080816
459.95233154296875        0.7577642758795148
460.4025573730469         0.7569760396643576
460.852783203125          0.7561665514626097
461.3030090332031         0.7553271262309927
461.75323486328125        0.754450457438011
462.2034606933594         0.7535365450836646
462.6536865234375         0.7525853891679536
463.1039123535156         0.7515987612802661
463.55413818359375        0.7505760120344115
464.0043640136719         0.7495171414303899
464.45458984375           0.7484221494682013
464.9048156738281         0.7472878814099553
465.35504150390625        0.7460940167197315
465.8052673339844         0.7448405553975301
466.2554931640625         0.7435274974433511
466.7057189941406         0.742177302441415
467.15594482421875        0.7407455623423821
467.6061706542969         0.7392322771462523
468.056396484375          0.7376374468530258
468.5066223144531         0.7359562533156185
468.95684814453125        0.7341849680815428
469.4070739746094         0.7323235911507981
469.8572998046875         0.730372122523385
470.3075256347656         0.7283057326265351
470.75775146484375        0.7260887882660134
471.2079772949219         0.72372128944182
471.658203125             0.7212032361539548
472.1084289550781         0.7184885252871802
472.55865478515625        0.7155560681767299
473.0088806152344         0.7124058648226039
473.4591064453125         0.7090379152248024
473.9093322753906         0.7054241061510744
474.35955810546875        0.7014017513618876
474.8097839355469         0.6969708508572421
475.260009765625          0.6921314046371377
475.7102355957031         0.6869105300158814
476.16046142578125        0.6808944322602227
476.6106872558594         0.6740831113701614
477.0609130859375         0.6664765673456976
477.5111389160156         0.6579680728071508
477.96136474609375        0.6475895638362454
478.4115905761719         0.6353410404329819
478.86181640625           0.6212225025973599
479.3120422363281         0.5965604781786475
479.76226806640625        0.5659466762555557
480.2124938964844         0.5293810968280845
480.6627197265625         0.48686373989623405
481.1129455566406         0.46393856668691424
481.56317138671875        0.44372284490233044
482.0133972167969         0.4262165745424825
482.463623046875          0.41141975560737065
482.9138488769531         0.3981116657129009
483.36407470703125        0.38577491874370723
483.8143005371094         0.37440951469978967
484.2645263671875         0.3640154535811482
484.7147521972656         0.35432987534753546
485.16497802734375        0.34519289207251797
485.6152038574219         0.3366045037560955
486.0654296875            0.3285647103982682
486.5156555175781         0.3209394447431131
486.96588134765625        0.31367559544072965
487.4161071777344         0.3067731624911179
487.8663330078125         0.3002321458942778
488.3165588378906         0.2939689137848562
488.76678466796875        0.2879546138443201
489.2170104980469         0.2821892460726696
489.667236328125          0.2766728104699047
490.1174621582031         0.2713795879938888
490.56768798828125        0.2662733442197381
491.0179138183594         0.2613540791474527
491.4681396484375         0.25662179277703256
491.9183654785156         0.25205305688962154
492.36859130859375        0.24762900727139053
492.8188171386719         0.24334964392233965
493.26904296875           0.23921496684246882
493.7192687988281         0.2352075751178014
494.16949462890625        0.23131667404223877
494.6197204589844         0.22754226361578084
495.0699462890625         0.22388434383842762
495.5201721191406         0.22032962338676704
495.97039794921875        0.21686985431140413
496.4206237792969         0.21350503661233883
496.870849609375          0.2102351702895712
497.3210754394531         0.20705195074338648
497.77130126953125        0.2039471316131249
498.2215270996094         0.20092071289878635
498.6717529296875         0.19797269460037098
499.1219787597656         0.19509837163956034
499.57220458984375        0.19229053598116966
500.0224304199219         0.1895491876251989
500.47265625              0.18687432657164812
500.9228820800781         0.18426050758461085
501.37310791015625        0.18170356027488727
501.8233337402344         0.17920348464247726
502.2735595703125         0.17676028068738092
502.7237854003906         0.17437002134561846
503.17401123046875        0.1720293924702445
503.6242370605469         0.1697383940612591
504.074462890625          0.1674970261186622
504.5246887207031         0.16530193909248153
504.97491455078125        0.16314970450074556
505.4251403808594         0.16104032234345436
505.8753662109375         0.1589737926206079
506.3255920410156         0.15694796888935425
506.77581787109375        0.1549600000019224
507.2260437011719         0.15300988595831233
507.67626953125           0.15109762675852406
508.1264953613281         0.14922140750363314
508.57672119140625        0.14737868396836565
509.0269470214844         0.14556945615272163
509.4771728515625         0.14379372405670104
509.9273986816406         0.1420498195538421
510.37762451171875        0.14033583495596144
510.8278503417969         0.13865177026305903
511.278076171875          0.13699762547513494
511.7283020019531         0.1353728203111361
512.1785278320312         0.13377486997403557
512.6287231445312         0.13220377446383336
513.0789184570312         0.1306595337805294
513.5291137695312         0.12914048321899171
513.9793090820312         0.1276457530574099
514.4295043945312         0.126175343295784
514.8796997070312         0.12472925393411396
515.3298950195312         0.12330663114320538
515.7800903320312         0.12190599766802399
516.2302856445312         0.12052735350856977
516.6804809570312         0.11917069866484276
517.1306762695312         0.11783477203633207
517.5808715820312         0.11651898727567327
518.0310668945312         0.11522334438286629
518.4812622070312         0.11394784335791115
518.9314575195312         0.11269140661679154
519.3816528320312         0.11145333758297485
519.8318481445312         0.11023363625646108
520.2820434570312         0.10903230263725025
520.7322387695312         0.10784832300567684
521.1824340820312         0.1066811654856572
521.6326293945312         0.10553083007719133
522.0828247070312         0.10439731678027922
522.5330200195312         0.10327989761242304
522.9832153320312         0.10217789123101254
523.4334106445312         0.10109129763604774
523.8836059570312         0.10002011682752861
524.3338012695312         0.09896403404942022
524.7839965820312         0.09792212354923421
525.2341918945312         0.09689438532697056
525.6843872070312         0.09588081938262928
526.1345825195312         0.09488104741577207
526.5847778320312         0.09389438242759444
527.0349731445312         0.0929208244180964
527.4851684570312         0.09196037338727796
527.9353637695312         0.0910129611405021
528.3855590820312         0.09007771912482282
528.8357543945312         0.08915464734024009
529.2859497070312         0.08824374578675395
529.7361450195312         0.08734460366829583
530.1863403320312         0.08645682146134148
530.6365356445312         0.0855803991658909
531.0867309570312         0.0847153367819441
531.5369262695312         0.08386116930972026
531.9871215820312         0.08301759501167401
532.4373168945312         0.08218461388780536
532.8875122070312         0.08136222593811429
533.3377075195312         0.08055020994662318
533.7879028320312         0.07974805669948434
534.2380981445312         0.07895576619669775
534.6882934570312         0.07817333843826342
535.1384887695312         0.07740041787610087
535.5886840820312         0.07663670938699055
536.0388793945312         0.07588221297093245
536.4890747070312         0.07513692862792655
536.9392700195312         0.07440062500106831
537.3894653320312         0.07367298687446482
537.8396606445312         0.0729540142481161
538.2898559570312         0.07224370712202215
538.7400512695312         0.07154180873283639
539.1902465820312         0.07084801064304957
539.6404418945312         0.0701623128526617
540.0906372070312         0.06948471536167278
540.5408325195312         0.06881503815568007
540.9910278320312         0.06815299016024771
541.4412231445312         0.06749857137537567
541.8914184570312         0.06685178180106395
542.3416137695312         0.06621240974308225
542.7918090820312         0.06558021106687136
543.2420043945312         0.06495518577243128
543.6921997070312         0.064337333859762
544.1423950195312         0.06372643457897476
544.5925903320312         0.06312231791841412
545.0427856445312         0.06252498387808011
545.4929809570312         0.06193443245797273
545.9431762695312         0.06135044174475828
546.3933715820312         0.060772851238958675
546.8435668945312         0.060201660940573894
547.2937622070312         0.05963687084960395
547.7439575195312         0.059078270696241095
548.1941528320312         0.058525712818322806
548.6443481445312         0.05797919721584911
549.0945434570312         0.057438723888820015
549.5447387695312         0.05690412816855796
549.9949340820312         0.05637525519733604
550.4451293945312         0.05585210497515425
550.8953247070312         0.055334677502012604
551.3455200195312         0.05482274358125283
551.7957153320312         0.05431623712720601
552.2459106445312         0.05381515813987214
552.6961059570312         0.0533195066192512
553.1463012695312         0.05282907546396489
553.5964965820312         0.05234378052154212
554.0466918945312         0.0518636217919829
554.4968872070312         0.05138859927528724
554.9470825195312         0.05091860283422888
555.3972778320312         0.05045345980767908
555.8474731445312         0.049993170195637864
556.2976684570312         0.049537733998105196
556.7478637695312         0.04908703355163048
557.1980590820312         0.04864095272086902
557.6482543945312         0.04819949150582082
558.0984497070312         0.04776264990648588
558.5486450195312         0.04733034981094483
558.9988403320312         0.04690244534640687
559.4490356445312         0.046478936512872
559.8992309570312         0.04605982331034021
560.3494262695312         0.04564499174589874
560.7996215820312         0.04523434372349004
561.2498168945312         0.0448278792431141
561.7000122070312         0.044425598304770914
562.1502075195312         0.044027362903761
562.6004028320312         0.04363311235622634
563.0505981445312         0.043242846662166934
563.5007934570312         0.04285656582158279
563.9509887695312         0.0424741629323998
564.4011840820312         0.04209554979840856
564.8513793945312         0.041720726419609035
565.3015747070312         0.041349692796001244
565.7517700195312         0.04098238842462834
566.2019653320312         0.040618701327737525
566.6521606445312         0.04025863150532881
567.1023559570312         0.03990217895740218
567.5525512695312         0.03954924233728257
568.0027465820312         0.039199755148262835
568.4529418945312         0.03885371739034297
568.9031372070312         0.038511129063522984
569.3533325195312         0.03817194307212381
569.8035278320312         0.03783605385061926
570.2537231445312         0.03750346139900933
570.7039184570312         0.03717416571729401
571.1541137695312         0.036848064568310926
571.6043090820312         0.03652510898506698
572.0545043945312         0.03620529896756218
572.5046997070312         0.03588863451579651
572.9548950195312         0.035575049920525986
573.4050903320312         0.03526447267804762
573.8552856445312         0.034956902788361416
574.3054809570312         0.03465234025146738
574.7556762695312         0.03435074628502198
575.2058715820312         0.03405202925863523
575.6560668945312         0.03375618917230712
576.1062622070312         0.033463226026037664
576.5564575195312         0.03317307101432541
577.0066528320312         0.03288567215341812
577.4568481445312         0.032601029443315825
577.9070434570312         0.0323191428840185
578.3572387695312         0.032039954411417264
578.8074340820312         0.03176339940874861
579.2576293945312         0.03148947787601254
579.7078247070312         0.031218189813209063
580.1580200195312         0.03094948301875738
580.6082153320312         0.030683300402955846
581.0584106445312         0.03041964196580447
581.5086059570312         0.030158507707303245
581.9588012695312         0.029899872758988068
582.4089965820312         0.029643651944531838
582.8591918945312         0.029389845263934556
583.3093872070312         0.029138452717196218
583.7595825195312         0.028889432264452824
584.2097778320312         0.02864273234448589
584.6599731445312         0.028398352957295404
585.1101684570312         0.028156294102881375
585.5603637695312         0.027916525999227677
586.0105590820312         0.027678980055692002
586.4607543945312         0.027443656272274367
586.9109497070312         0.027210554648974764
587.3611450195312         0.026979632148295504
587.8113403320312         0.026750850602169654
588.2615356445312         0.026524210010597224
588.7117309570312         0.026299710373578214
589.1619262695312         0.02607729919028258
589.6121215820312         0.025856937480794772
590.0623168945312         0.025638625245114798
590.5125122070312         0.025422362483242655
590.9627075195312         0.025208111469412164
591.4129028320312         0.024995830983479746
591.8630981445312         0.024785521025445408
592.3132934570312         0.02457718159530915
592.7634887695312         0.024370777172738792
593.2136840820312         0.02416626361874008
593.6638793945312         0.023963640933313008
594.1140747070312         0.02376290911645758
594.5642700195312         0.0235640293918113
595.0144653320312         0.0233669688578811
595.4646606445312         0.02317172751466698
595.9148559570312         0.022978305362168928
596.3650512695312         0.022786671229113518
596.8152465820312         0.022596784167425023
597.2654418945312         0.02240864417710344
597.7156372070312         0.02222225125814877
598.1658325195312         0.022037575732808304
598.6160278320312         0.021854576106450283
599.0662231445312         0.021673252379074713
599.5164184570312         0.021493604550681594
599.9666137695312         0.021315627747801307
600.4168090820312         0.021139264278869457
600.8670043945312         0.020964514143886035
601.3171997070312         0.02079137734285105
601.7673950195312         0.020619840149836616
602.2175903320312         0.020449856651539623
602.6677856445312         0.02028142684796007
603.1179809570312         0.02011455073909795
603.5681762695312         0.01994920534281461
604.0183715820312         0.019785355600277214
604.4685668945312         0.019623001511485764
604.9187622070312         0.01946214307644026
605.3689575195312         0.019302769918497702
605.8191528320312         0.019144834749144
606.2693481445312         0.018988337568379157
606.7195434570312         0.018833278376203168
607.1697387695312         0.018679644237852483
607.6199340820312         0.018527397881632518
608.0701293945312         0.018376539307543276
608.5203247070312         0.018227068515584754
608.9705200195312         0.018078961575791638
609.4207153320312         0.017932195098312658
609.8709106445312         0.01778676908314781
610.3211059570312         0.0176426835302971
610.7713012695312         0.01749990961529439
611.2214965820312         0.01735842479451631
611.6716918945312         0.017218229067962866
612.1218872070312         0.017079322435634054
612.5720825195312         0.016941684926066715
613.0222778320312         0.016805289834579327
613.4724731445312         0.016670137161171897
613.9226684570312         0.01653622690584442
614.3728637695312         0.01640353356959559
614.8230590820312         0.016272042377097968
615.2732543945312         0.016141753328351563
615.7234497070312         0.016012666423356362
616.1736450195312         0.015884753598023688
616.6238403320312         0.015757997147888204
617.0740356445312         0.01563239707294991
617.5242309570312         0.015507953373208807
617.9744262695312         0.015384655087071951
618.4246215820312         0.015262467854619644
618.8748168945312         0.015141391675851889
619.3250122070312         0.015021426550768678
619.7752075195312         0.014902567232865642
620.2254028320312         0.014784779148328311
620.6755981445312         0.01466806229715668
621.1257934570312         0.014552416679350755
621.5759887695312         0.014437840208089265
622.0261840820312         0.014324302319757506
622.4763793945312         0.014211803014355474
622.9265747070312         0.014100342291883174
623.3767700195312         0.013989912656978484
623.8269653320312         0.013880483761637792
624.2771606445312         0.013772055605861097
624.7273559570312         0.013664628189648403
625.1775512695312         0.01355818649856957
625.6277465820312         0.013452711067675463
626.0779418945312         0.013348201896966087
626.5281372070312         0.013244658986441438
626.9783325195312         0.013142077988515122
627.4285278320312         0.013040434132331864
627.8787231445312         0.012939727417891664
628.3289184570312         0.012839957845194521
628.7791137695312         0.012741105700956094
629.2293090820312         0.012643154012911014
629.6795043945312         0.012546102781059276
630.1296997070312         0.012449952005400881
630.5798950195312         0.012354697397121394
631.0300903320312         0.012260316110080454
631.4802856445312         0.012166808144278063
631.9304809570312         0.01207417349971422
632.3806762695312         0.011982398178942106
632.8308715820312         0.011891469008969514
633.2810668945312         0.01180138598979645
633.7312622070312         0.011712149121422911
634.1814575195312         0.011623757258611601
634.6316528320312         0.011536175834486002
635.0818481445312         0.011449404849046108
635.5320434570312         0.011363444302291923
635.9822387695312         0.011278281391275366
636.4324340820312         0.01119391234560363
636.8826293945312         0.011110337165276716
637.3328247070312         0.011027555850294623
637.7830200195312         0.010945554224143724
638.2332153320312         0.010864317272766832
638.6834106445312         0.010783844996163944
639.1336059570312         0.010704137394335065
639.5838012695312         0.010625194443541906
640.0339965820312         0.010546988045011495
640.4841918945312         0.010469518198743831
640.9343872070312         0.010392784904738918
641.3845825195312         0.010316770663820385
641.8347778320312         0.010241474676437882
642.2849731445312         0.010166896942591408
642.7351684570312         0.010093037462280963
643.1853637695312         0.010019891961972931
643.6355590820312         0.009947435555951642
644.0857543945312         0.009875668244217092
644.5359497070312         0.009804590026769285
644.9861450195312         0.009734207804754135
645.4363403320312         0.009664498262985205
645.8865356445312         0.009595461401462497
646.3367309570312         0.009527097220186007
646.7869262695312         0.009459393477169098
647.2371215820312         0.009392338773847722
647.6873168945312         0.009325933110221878
648.1375122070312         0.009260176486291566
648.5877075195312         0.009195066396420749
649.0379028320312         0.009130591596665866
649.4880981445312         0.009066752087026914
649.9382934570312         0.009003547867503896
650.3884887695312         0.008940950459284848
650.8386840820312         0.008878967742493091
651.2888793945312         0.008817599717128626
651.7390747070312         0.00875684638319145
652.1892700195312         0.008696700523298255
652.6394653320312         0.00863714568170639
653.0896606445312         0.008578181858415851
653.5398559570312         0.008519809053426641
653.9900512695312         0.008462022410835492
654.4402465820312         0.00840481540653149
654.8904418945312         0.008348188040514634
655.3406372070312         0.008292140312784926
655.7908325195312         0.008236656696607524
656.2410278320312         0.0081817307011217
656.6912231445312         0.008127362326327459
657.1414184570312         0.008073551572224799
657.5916137695312         0.008020313756349042
658.0418090820312         0.00796761541404359
658.4920043945312         0.007915456545308444
658.9421997070312         0.007863837150143601
659.3923950195312         0.007812754001818164
659.8425903320312         0.007762198999414118
660.2927856445312         0.007712172142931463
660.7429809570312         0.0076626734323702
661.1931762695312         0.00761369913538801
661.6433715820312         0.007565240141913946
662.0935668945312         0.00751729645194801
662.5437622070312         0.0074698680654902
662.9939575195312         0.007422938710586159
663.4441528320312         0.0073765070533738765
663.8943481445312         0.007330573093853356
664.3445434570312         0.007285136832024594
664.7947387695312         0.007240213702525952
665.2449340820312         0.007195772379708119
665.6951293945312         0.007151812863571097
666.1453247070312         0.007108335154114887
666.5955200195312         0.007065350519473603
667.0457153320312         0.007022833692842519
667.4959106445312         0.006980784674221634
667.9461059570312         0.00693920346361095
668.3963012695312         0.006898104280336738
668.8464965820312         0.006857463922576453
669.2966918945312         0.006817282390330094
669.7468872070312         0.006777559683597663
670.1970825195312         0.0067382959890175155
670.6472778320312         0.006699480591207774
671.0974731445312         0.006661113490168439
671.5476684570312         0.006623194685899507
671.9978637695312         0.006585727652242999
672.4480590820312         0.006548692314472541
672.8982543945312         0.0065120886725881354
673.3484497070312         0.006475916726589781
673.7986450195312         0.0064402064478773936
674.2488403320312         0.006404918659057197
674.6990356445312         0.006370053360129193
675.1492309570312         0.00633561055109338
675.5994262695312         0.0063015921623362494
676.0496215820312         0.006267996722871266
676.4998168945312         0.006234824232698428
676.9500122070312         0.006202074691817736
677.4002075195312         0.00616971645813113
677.8504028320312         0.006137767732972442
678.3005981445312         0.006106228516341671
678.7507934570312         0.006075098808238816
679.2009887695312         0.006044382495271819
679.6511840820312         0.006014063488788003
680.1013793945312         0.005984141788787365
680.5515747070312         0.005954617395269906
681.0017700195312         0.005925494240721933
681.4519653320312         0.0058967593341987985
681.9021606445312         0.005868412675700506
682.3523559570312         0.005840454265227053
682.8025512695312         0.005812884159396207
683.2527465820312         0.005785697491889164
683.7029418945312         0.0057588942627059235
684.1531372070312         0.005732474471846485
684.6033325195312         0.005706436669048239
685.0535278320312         0.005680771654879712
685.5037231445312         0.005655479429340903
685.9539184570312         0.005630559992431814
686.4041137695312         0.005606006672158433
686.8543090820312         0.005581821876301342
687.3045043945312         0.005558005604860543
687.7546997070312         0.005534557857836034
688.2048950195312         0.005511491969989254
688.6550903320312         0.00548877355071716
689.1052856445312         0.00546640260001975
689.5554809570312         0.0054443791178970255
690.0056762695312         0.00542275495467316
690.4558715820312         0.00540148032771078
690.9060668945312         0.005380555237009884
691.3562622070312         0.005359979682570472
691.8064575195312         0.005339756359652637
692.2566528320312         0.005319879633954233
692.7068481445312         0.005300349505475265
693.1570434570312         0.00528116597421573
693.6072387695312         0.00526232983187118
694.0574340820312         0.0052438372643234974
694.5076293945312         0.005225688271572684
694.9578247070312         0.005207882853618738
695.4080200195312         0.005190425793932256
695.8582153320312         0.0051733043802200075
696.3084106445312         0.005156518612481991
696.7586059570312         0.005140068490718207
697.2088012695312         0.005123953936151466
697.6589965820312         0.005108170050449545
698.1091918945312         0.005092716833612444
698.5593872070312         0.005077594285640162
699.0095825195312         0.005062814564176215
699.4597778320312         0.00504835971905303
699.9099731445312         0.005034229750270607
700.3601684570312         0.005020424657828947
700.8103637695312         0.005006956032212633
701.2605590820312         0.004993808429292137
701.7107543945312         0.004980981849067461
702.1609497070312         0.004968476291538604
702.6111450195312         0.004956311439218997
703.0613403320312         0.004944462988454611
703.5115356445312         0.0049329309392454465
703.9617309570312         0.004921715291591504
704.4119262695312         0.004910831608349144
704.8621215820312         0.0049002631637193395
705.3123168945312         0.004890009957702092
705.7625122070312         0.004880071990297399
706.2127075195312         0.004870456540592029
706.6629028320312         0.004861155411140635
707.1130981445312         0.004852168601943218
707.5632934570312         0.004843496112999776
708.0134887695312         0.004835134741061258
708.4636840820312         0.004827089392537884
708.9138793945312         0.004819360067429654
709.3640747070312         0.004811946765736567
709.8142700195312         0.0048048337540130565
710.2644653320312         0.004798035394158315
710.7146606445312         0.004791551686172343
711.1648559570312         0.00478538263005514
711.6150512695312         0.004779509060110802
712.0652465820312         0.004773947662930345
712.5154418945312         0.004768698438513767
712.9656372070312         0.004763761386861069
713.4158325195312         0.004759126992639786
713.8660278320312         0.004754798024747544
714.3162231445312         0.004750774483184341
714.7664184570312         0.004747056367950178
715.2166137695312         0.004743651458454871
715.6668090820312         0.0047405558864733735
716.1170043945312         0.004737769652005682
716.5671997070312         0.004735292755051799
717.0106811523438         0.004733138047261456
717.4541625976562         0.0047312845923437995
717.8976440429688         0.004729732390298831
718.3411254882812         0.00472848144112655
718.7555541992188         0.004727582478099504
719.1699829101562         0.004726937464508636
719.5844116210938         0.004726546400353944
719.9988403320312         0.004726409285635431
